0.999998 0.000950121 0.00151086 -0.000489996 -0.000943593 0.99999 -0.00431571 -0.000495055 -0.00151494 0.00431427 0.99999 0.088765
0.999998 0.000950121 0.00151086 -0.000489996 -0.000943593 0.99999 -0.00431571 -0.000495055 -0.00151494 0.00431427 0.99999 0.088765
0.999997 -0.00141875 0.00174361 -0.00027484 0.00142781 0.999985 -0.00520271 -0.000223275 -0.0017362 0.00520519 0.999985 0.177546
0.999994 -0.00312894 0.00164473 0.0006999 0.00313108 0.999994 -0.00130476 7.69463e-05 -0.00164063 0.0013099 0.999998 0.265694
0.999986 -0.00507582 0.00158939 0.000193133 0.005069 0.999978 0.00427138 0.00025776 -0.00161103 -0.00426327 0.99999 0.352715
0.999964 -0.00852506 -0.000332063 0.000347018 0.00852648 0.999953 0.0045572 0.000653218 0.000293197 -0.00455987 0.99999 0.439167
0.999937 -0.0111434 -0.00110146 5.84538e-05 0.0111455 0.999936 0.00188694 0.000949621 0.00108036 -0.0018991 0.999998 0.526181
0.999933 -0.0114864 -0.00159042 0.000470075 0.0114837 0.999933 -0.00167187 0.00119197 0.00160952 0.00165349 0.999997 0.612428
0.999938 -0.0109772 -0.00180204 -0.000601509 0.0109723 0.999936 -0.0026685 0.00159341 0.00183121 0.00264856 0.999995 0.697387
0.999941 -0.0105279 -0.00248327 -0.00186998 0.0105271 0.999945 -0.000373486 0.00118553 0.00248706 0.000347323 0.999997 0.782713
0.999945 -0.0100697 -0.00281258 -0.00289482 0.0100765 0.999946 0.00240493 0.00115804 0.00278821 -0.00243314 0.999993 0.866883
0.999942 -0.0103255 -0.00315961 -0.00373916 0.0103369 0.99994 0.00359604 0.00172896 0.00312229 -0.00362849 0.999989 0.950951
0.999927 -0.0115692 -0.00350044 -0.00419573 0.0115854 0.999922 0.0046529 0.00175218 0.00344634 -0.00469312 0.999983 1.03491
0.999927 -0.0114789 -0.00383598 -0.0049431 0.0114965 0.999923 0.00460178 0.00215357 0.00378287 -0.00464554 0.999982 1.11667
0.999927 -0.0114559 -0.00379747 -0.00612201 0.0114671 0.99993 0.00293174 0.00234912 0.00376362 -0.00297507 0.999988 1.19322
0.999919 -0.0119501 -0.00439179 -0.00726033 0.0119557 0.999928 0.00124493 0.002638 0.0043766 -0.00129733 0.99999 1.27434
0.999889 -0.0134331 -0.00643868 -0.00709021 0.0134322 0.99991 -0.000178803 0.00304133 0.0064405 9.22977e-05 0.999979 1.3571
0.999889 -0.0128117 -0.00762641 -0.00844783 0.0128124 0.999918 4.94343e-05 0.00187082 0.00762515 -0.000147141 0.999971 1.43782
0.999913 -0.0108918 -0.00742352 -0.0115355 0.0108843 0.99994 -0.0010486 0.00185381 0.00743449 0.000967712 0.999972 1.52089
0.999911 -0.00943321 -0.00947347 -0.0124023 0.00941468 0.999954 -0.00199858 0.00263797 0.00949188 0.00190921 0.999953 1.60168
0.9999 -0.0098246 -0.0101494 -0.0140772 0.00981892 0.999952 -0.00060908 0.00214734 0.0101549 0.000509364 0.999948 1.68362
0.999892 -0.00948067 -0.0112674 -0.0153338 0.00948799 0.999955 0.000596471 0.00220613 0.0112612 -0.000703311 0.999936 1.76528
0.999884 -0.00934497 -0.0120332 -0.0172624 0.00935951 0.999956 0.00115295 0.00224786 0.0120219 -0.00126544 0.999927 1.84653
0.999867 -0.0102438 -0.0126694 -0.0188351 0.0102457 0.999947 8.77238e-05 0.00328668 0.0126679 -0.00021752 0.99992 1.92672
0.999839 -0.00963445 -0.0151484 -0.0202727 0.00963808 0.999954 0.000167062 0.002764 0.0151461 -0.000313036 0.999885 2.00696
0.999781 -0.0102939 -0.0182387 -0.0208108 0.0103045 0.999947 0.000489715 0.00273695 0.0182326 -0.000677548 0.999834 2.08698
0.9997 -0.0104649 -0.0221416 -0.0207516 0.010516 0.999942 0.00219117 0.00311273 0.0221174 -0.00242335 0.999752 2.16693
0.999687 -0.0114769 -0.0222404 -0.0230792 0.0116042 0.999917 0.00560679 0.00270818 0.0221742 -0.00586312 0.999737 2.24529
0.999641 -0.0118755 -0.0239981 -0.0251184 0.0120521 0.999901 0.0072295 0.00297604 0.0239099 -0.00751613 0.999686 2.3235
0.999628 -0.0110077 -0.0249503 -0.0278 0.0111473 0.999923 0.00546259 0.00360309 0.0248883 -0.00573869 0.999674 2.40059
0.999636 -0.00921777 -0.0253667 -0.0311192 0.00929433 0.999953 0.00290168 0.00354535 0.0253387 -0.00313639 0.999674 2.47614
0.999613 -0.0090085 -0.0263305 -0.0334714 0.00905009 0.999958 0.00146084 0.00368354 0.0263162 -0.00169857 0.999652 2.54981
0.999608 -0.00830043 -0.026751 -0.0357758 0.00833946 0.999964 0.00134753 0.0038447 0.0267389 -0.00157009 0.999641 2.6235
0.999582 -0.00847034 -0.0276263 -0.0381324 0.00850074 0.999963 0.000982995 0.00368729 0.027617 -0.00121743 0.999618 2.69473
0.999521 -0.00808189 -0.0298574 -0.0403088 0.00808288 0.999967 -8.73356e-05 0.003868 0.0298572 -0.00015404 0.999554 2.76741
0.999454 -0.0079825 -0.032055 -0.0427057 0.0079889 0.999968 7.14175e-05 0.00350661 0.0320535 -0.000327463 0.999486 2.83802
0.999409 -0.00762977 -0.0335234 -0.0457036 0.00767283 0.99997 0.00115625 0.00381677 0.0335136 -0.00141278 0.999437 2.90822
0.999344 -0.00858903 -0.0351751 -0.0482436 0.00872305 0.999955 0.00365827 0.00376914 0.0351421 -0.00396271 0.999374 2.97502
0.999281 -0.00805415 -0.0370474 -0.0511828 0.00822962 0.999956 0.00458626 0.00458475 0.0370089 -0.00488785 0.999303 3.0447
0.999195 -0.00667741 -0.0395555 -0.0532106 0.00687391 0.999965 0.00483388 0.0049265 0.0395218 -0.00510189 0.999206 3.11092
0.999137 -0.00420081 -0.0413272 -0.0566008 0.00436114 0.999983 0.0037902 0.00569634 0.0413106 -0.00396716 0.999138 3.1769
0.999046 -0.00238326 -0.0436068 -0.0595454 0.0025296 0.999991 0.00330104 0.00596339 0.0435986 -0.00340819 0.999043 3.24235
0.999002 -0.00197791 -0.044624 -0.0637507 0.00218191 0.999987 0.00452336 0.00583253 0.0446145 -0.00461621 0.998994 3.30521
0.998951 -0.000711566 -0.045793 -0.0672206 0.0010311 0.999975 0.0069545 0.00495077 0.0457869 -0.00699442 0.998927 3.36855
0.998963 0.00208904 -0.0454757 -0.0709986 -0.00174686 0.99997 0.00756299 0.00484201 0.0454901 -0.00747571 0.998937 3.43055
0.998992 0.00517273 -0.0445988 -0.0738972 -0.00495675 0.999975 0.00495189 0.0056426 0.0446233 -0.00472583 0.998993 3.48974
0.999063 0.00696053 -0.0427264 -0.076974 -0.00688589 0.999974 0.00189363 0.00540194 0.0427385 -0.00159764 0.999085 3.54977
0.999141 0.00765547 -0.0407361 -0.078832 -0.0076761 0.99997 -0.000350141 0.00657822 0.0407322 0.000662534 0.99917 3.60814
0.999265 0.0085929 -0.0373522 -0.0815344 -0.00858381 0.999963 0.000403665 0.00676931 0.0373543 -8.27442e-05 0.999302 3.66644
0.999325 0.0135615 -0.0341359 -0.0838528 -0.0134485 0.999903 0.00353582 0.0062278 0.0341806 -0.00307436 0.999411 3.72361
0.99939 0.0174609 -0.0302498 -0.0866572 -0.0172557 0.999826 0.00703213 0.00563843 0.0303674 -0.00650586 0.999518 3.78048
0.999423 0.0220181 -0.0258753 -0.0890116 -0.0218065 0.999727 0.00843365 0.00527918 0.0260539 -0.00786454 0.99963 3.83538
0.999454 0.0258865 -0.02052 -0.0909792 -0.0257124 0.999632 0.00870183 0.00528265 0.0207377 -0.00816946 0.999752 3.88837
0.999448 0.0296147 -0.0150629 -0.091025 -0.0294578 0.999511 0.0105298 0.0055635 0.0153674 -0.0100803 0.999831 3.94132
0.999368 0.0346047 -0.00818192 -0.0925427 -0.0345075 0.999336 0.0117367 0.00575674 0.00858263 -0.011447 0.999898 3.99174
0.999278 0.0379866 -0.0010324 -0.0931661 -0.0379722 0.999212 0.0115192 0.00546372 0.00146916 -0.0114717 0.999933 4.04026
0.999121 0.0414286 0.00634792 -0.0932729 -0.0414993 0.999073 0.011435 0.00560254 -0.0058683 -0.0116884 0.999914 4.08698
0.998858 0.0457183 0.0138472 -0.092966 -0.0458701 0.998888 0.0108503 0.00599504 -0.0133357 -0.0114731 0.999845 4.13414
0.998502 0.0500755 0.022057 -0.0935563 -0.0502672 0.998702 0.00822525 0.00553716 -0.0216165 -0.00932167 0.999723 4.17575
0.998168 0.052344 0.0303476 -0.0923387 -0.0525206 0.998607 0.00505168 0.00563591 -0.0300409 -0.0066363 0.999527 4.21576
0.997875 0.0529699 0.0379501 -0.09046 -0.0531968 0.998572 0.00499463 0.00562666 -0.0376314 -0.00700284 0.999267 4.25387
0.997584 0.0522649 0.0457628 -0.0883305 -0.0526071 0.998595 0.0063051 0.00585142 -0.045369 -0.00869732 0.998932 4.29104
0.997109 0.0535558 0.0538989 -0.0865611 -0.0540067 0.998516 0.00694229 0.00582767 -0.0534471 -0.00983312 0.998522 4.32547
0.996422 0.05669 0.0626774 -0.0845062 -0.057238 0.998336 0.00698009 0.00591657 -0.0621774 -0.0105426 0.998009 4.3571
0.995563 0.0610754 0.071587 -0.0827993 -0.0616934 0.998074 0.00645081 0.00568964 -0.0710551 -0.0108386 0.997414 4.38984
0.994652 0.0650755 0.0802074 -0.0800799 -0.0657877 0.997814 0.00626557 0.00577089 -0.0796244 -0.0115087 0.996759 4.4163
0.993917 0.0643378 0.0893872 -0.0774919 -0.0652289 0.997845 0.00708102 0.00552563 -0.088739 -0.0128686 0.995972 4.44424
0.992982 0.0633346 0.0998767 -0.0737417 -0.0641778 0.997925 0.00524937 0.00559113 -0.099337 -0.0116224 0.994986 4.46858
0.991801 0.0621328 0.111671 -0.0702861 -0.0626008 0.998038 0.000685493 0.00569496 -0.11141 -0.00767059 0.993745 4.49242
0.990189 0.0627938 0.124831 -0.0668167 -0.0628967 0.998015 -0.00312011 0.00520073 -0.124779 -0.00476193 0.992173 4.51477
0.987991 0.0647849 0.140272 -0.0631915 -0.0646849 0.997892 -0.00527713 0.00482998 -0.140318 -0.00385969 0.990099 4.53709
0.985427 0.0663118 0.156641 -0.0590904 -0.0661037 0.997791 -0.00654353 0.00466231 -0.156729 -0.0039064 0.987634 4.55962
0.98258 0.0668852 0.173389 -0.0545799 -0.0665152 0.997754 -0.00795044 0.00446987 -0.173531 -0.00372104 0.984821 4.58275
0.979262 0.0661457 0.191496 -0.0492648 -0.0655946 0.997804 -0.00922254 0.00453513 -0.191686 -0.00352982 0.98145 4.60405
0.975482 0.064946 0.210277 -0.0421449 -0.0643574 0.99788 -0.00964834 0.00444889 -0.210458 -0.00412108 0.977594 4.62465
0.970886 0.0652793 0.230476 -0.0359138 -0.06452 0.997858 -0.0108378 0.00394453 -0.230689 -0.00434805 0.973018 4.64597
0.965651 0.0674349 0.250941 -0.0292846 -0.0662708 0.997716 -0.0130964 0.00363994 -0.251251 -0.00398352 0.967914 4.66668
0.95936 0.0687435 0.273685 -0.0220348 -0.067111 0.997628 -0.0153345 0.00339547 -0.27409 -0.00365592 0.961697 4.688
0.952078 0.0697012 0.297809 -0.0140948 -0.0678122 0.997559 -0.0166838 0.0029883 -0.298245 -0.00431074 0.95448 4.70741
0.943387 0.0726611 0.323638 -0.00574279 -0.0707952 0.997336 -0.0175516 0.0022452 -0.324051 -0.00635409 0.946018 4.72816
0.933689 0.0742837 0.350294 0.00417447 -0.0723119 0.997206 -0.0187253 0.00135885 -0.350707 -0.00784684 0.936452 4.74852
0.922478 0.0750049 0.378694 0.0147274 -0.07282 0.997142 -0.0201104 0.000496589 -0.37912 -0.0090251 0.925303 4.76875
0.909649 0.073423 0.408836 0.0262691 -0.0704527 0.997265 -0.0223437 -0.000464477 -0.409359 -0.00847872 0.912334 4.78804
0.894694 0.0705022 0.441081 0.0388957 -0.0661695 0.99749 -0.0252193 -0.000864483 -0.441752 -0.00662257 0.897113 4.80672
0.877455 0.0696353 0.474577 0.0526958 -0.0632253 0.997564 -0.0294753 -0.00154287 -0.475473 -0.00414197 0.87972 4.82619
0.857786 0.071544 0.509003 0.0665364 -0.0626378 0.997435 -0.0346376 -0.00219861 -0.510175 -0.00217118 0.860068 4.84505
0.836076 0.0736152 0.543652 0.0821514 -0.0621516 0.997286 -0.0394589 -0.00240669 -0.545081 -0.000798149 0.838383 4.86448
0.81124 0.0768383 0.579642 0.0985367 -0.0634763 0.997042 -0.0433309 -0.00333133 -0.581257 -0.0016418 0.813718 4.88425
0.784127 0.0805805 0.615347 0.116252 -0.066279 0.996737 -0.0460658 -0.00529602 -0.617051 -0.00466315 0.786909 4.90268
0.754158 0.0848641 0.651186 0.136523 -0.0697575 0.996357 -0.0490592 -0.00661086 -0.652977 -0.00842671 0.757331 4.92201
0.721153 0.085949 0.687424 0.158925 -0.0694507 0.996245 -0.0517026 -0.00843534 -0.689286 -0.0104566 0.724414 4.94174
0.684284 0.083891 0.724374 0.183242 -0.06592 0.99641 -0.0531243 -0.00936744 -0.72623 -0.0113986 0.687357 4.96345
0.645453 0.0824083 0.759342 0.210626 -0.0630481 0.996518 -0.0545562 -0.0114321 -0.761194 -0.0126616 0.648401 4.98191
0.603304 0.0820526 0.793279 0.240663 -0.061088 0.996525 -0.0566168 -0.013047 -0.795168 -0.0143027 0.60622 5.00088
0.556809 0.0814628 0.826636 0.270608 -0.0572995 0.996576 -0.0596139 -0.015066 -0.828662 -0.0141723 0.55957 5.01896
0.508435 0.0804238 0.857336 0.304709 -0.0540384 0.996647 -0.061445 -0.0170038 -0.859403 -0.0150883 0.511076 5.03667
0.459863 0.0785627 0.884508 0.340564 -0.0521392 0.996749 -0.0614245 -0.0188723 -0.886458 -0.0178706 0.462465 5.05159
0.409744 0.0762292 0.90901 0.378421 -0.0517038 0.996841 -0.0602888 -0.0215246 -0.910734 -0.0222964 0.412391 5.06731
0.359559 0.0757088 0.930046 0.419781 -0.0542525 0.996713 -0.0601615 -0.023835 -0.931544 -0.0288257 0.362485 5.082
0.310125 0.0760221 0.947651 0.461362 -0.0527969 0.996637 -0.0626737 -0.0265373 -0.949229 -0.0305963 0.313096 5.09314
0.26401 0.0730637 0.961749 0.50647 -0.0408236 0.99708 -0.0645413 -0.0278817 -0.963656 -0.0222225 0.266222 5.10043
0.219468 0.0672562 0.973299 0.552719 -0.027056 0.997657 -0.0628385 -0.0297513 -0.975244 -0.0125425 0.220773 5.10738
0.177107 0.0659192 0.981981 0.599902 -0.0183143 0.997802 -0.0636781 -0.0323906 -0.984021 -0.0067064 0.177925 5.11252
0.138642 0.067296 0.988053 0.648599 -0.0150779 0.997716 -0.0658384 -0.0351617 -0.990228 -0.0057698 0.13934 5.11665
0.105539 0.0682158 0.992073 0.696836 -0.00648715 0.99767 -0.0679105 -0.0375491 -0.994394 0.000731516 0.105736 5.11882
0.0770099 0.0671983 0.994763 0.748135 0.000611992 0.997723 -0.0674457 -0.0401694 -0.99703 0.00580277 0.0767934 5.11912
0.0515869 0.0651333 0.996542 0.802157 0.00832744 0.997808 -0.0656471 -0.0432612 -0.998634 0.0116852 0.0509314 5.12029
0.0312063 0.0645864 0.997424 0.858309 0.0124007 0.997808 -0.0649992 -0.0457644 -0.999436 0.0143971 0.030337 5.12152
0.0154705 0.0664747 0.997668 0.914304 0.0155158 0.997651 -0.0667141 -0.0481248 -0.99976 0.0165118 0.0144028 5.12173
0.00192466 0.0662951 0.997798 0.972497 0.0160471 0.99767 -0.0663175 -0.0516355 -0.999869 0.0161394 0.000856335 5.12101
-0.0101035 0.0674693 0.99767 1.03296 0.0171029 0.997587 -0.0672904 -0.0546897 -0.999803 0.0163832 -0.011233 5.12062
-0.0193599 0.0703589 0.997334 1.0971 0.0219714 0.99731 -0.0699307 -0.0580846 -0.999571 0.020559 -0.0208537 5.1201
-0.0254807 0.0726859 0.997029 1.16 0.0260779 0.997062 -0.0720218 -0.0608246 -0.999335 0.0241653 -0.0273013 5.1171
-0.0304029 0.0718597 0.996951 1.22486 0.0263942 0.997122 -0.0710671 -0.0649354 -0.999189 0.024153 -0.0322121 5.1159
-0.033572 0.0689428 0.997056 1.2899 0.0242669 0.99738 -0.0681482 -0.0688756 -0.999142 0.0219076 -0.0351571 5.11276
-0.0362711 0.062553 0.997382 1.35671 0.0221799 0.997844 -0.0617753 -0.0723371 -0.999096 0.0198812 -0.0375803 5.11118
-0.0373586 0.0567089 0.997692 1.42421 0.0237411 0.998157 -0.0558464 -0.0760855 -0.99902 0.0216 -0.038636 5.1085
-0.0377454 0.054197 0.997817 1.49215 0.0265082 0.998231 -0.0532168 -0.0793317 -0.998936 0.0244416 -0.0391153 5.10426
-0.0374571 0.0565029 0.9977 1.56074 0.0294083 0.99803 -0.0554176 -0.0831106 -0.998865 0.0272649 -0.039045 5.10154
-0.0363589 0.0637298 0.997305 1.62867 0.0306444 0.997566 -0.0626293 -0.0866654 -0.998869 0.0282847 -0.0382234 5.09793
-0.0339755 0.0719764 0.996827 1.6993 0.031217 0.996993 -0.0709243 -0.0899195 -0.998935 0.0287083 -0.0361202 5.09575
-0.0313646 0.0727376 0.996858 1.77165 0.0321151 0.996907 -0.0717307 -0.0933958 -0.998992 0.0297644 -0.0336035 5.09331
-0.029468 0.0683777 0.997224 1.84546 0.0314844 0.997226 -0.0674475 -0.0978472 -0.99907 0.0294095 -0.0315391 5.09141
-0.0260337 0.0621925 0.997725 1.92483 0.0307626 0.99764 -0.0613846 -0.102488 -0.999188 0.0290946 -0.0278855 5.08846
-0.0234399 0.0603191 0.997904 1.99785 0.0293106 0.997791 -0.0596238 -0.10732 -0.999295 0.0278516 -0.0251561 5.087
-0.0198782 0.0652665 0.99767 2.06974 0.0370014 0.997231 -0.0645006 -0.111685 -0.999117 0.035633 -0.0222381 5.08469
-0.0162252 0.0712497 0.997327 2.14153 0.038607 0.996759 -0.0705811 -0.115637 -0.999123 0.0373586 -0.0189234 5.08318
-0.0135865 0.07197 0.997314 2.21526 0.0328961 0.996899 -0.0714919 -0.119676 -0.999366 0.0318364 -0.0159119 5.08226
-0.0104272 0.0685993 0.99759 2.2896 0.0279302 0.997275 -0.0682857 -0.124515 -0.999555 0.0271509 -0.0123147 5.08242
-0.0053573 0.0650199 0.99787 2.3636 0.0325181 0.997368 -0.0648126 -0.129692 -0.999457 0.0321016 -0.00745752 5.08112
-0.00162758 0.0658289 0.99783 2.43696 0.0366357 0.997165 -0.0657253 -0.134442 -0.999327 0.0364492 -0.00403465 5.08034
0.0012786 0.0706438 0.997501 2.51129 0.0362283 0.996844 -0.0706436 -0.138873 -0.999343 0.036228 -0.00128474 5.08028
0.0049224 0.0715024 0.997428 2.58472 0.0328079 0.996892 -0.0716258 -0.143144 -0.99945 0.0330761 0.00256125 5.08122
0.00820026 0.0712472 0.997425 2.66084 0.0321927 0.996923 -0.071476 -0.148186 -0.999448 0.0326959 0.00588139 5.08242
0.0121922 0.0681527 0.9976 2.73392 0.035941 0.997 -0.068551 -0.152845 -0.99928 0.0366905 0.00970615 5.08227
0.0155708 0.0684168 0.997535 2.80902 0.0403852 0.996799 -0.0689966 -0.158139 -0.999063 0.04136 0.0127579 5.08304
0.01894 0.0691471 0.997427 2.88227 0.043209 0.996617 -0.0699114 -0.163057 -0.998887 0.0444219 0.0158881 5.08433
0.0215958 0.0691786 0.99737 2.95559 0.0433989 0.996598 -0.0700648 -0.167261 -0.998824 0.0447979 0.0185201 5.08627
0.0256985 0.0673649 0.997397 3.03093 0.0450161 0.996637 -0.0684734 -0.172818 -0.998656 0.0466586 0.0225796 5.08649
0.030128 0.0665043 0.997331 3.10571 0.0472366 0.996575 -0.0678808 -0.177671 -0.998429 0.0491557 0.0268833 5.08698
0.0324943 0.0670945 0.997217 3.17951 0.0454901 0.996611 -0.068536 -0.181893 -0.998436 0.0475906 0.029332 5.09058
0.0354317 0.0687145 0.997007 3.254 0.0423983 0.996632 -0.0701954 -0.186826 -0.998472 0.0447585 0.032399 5.09305
0.0378926 0.0686022 0.996924 3.32947 0.0443961 0.99654 -0.0702632 -0.191757 -0.998295 0.046922 0.0347158 5.09642
0.0408518 0.0683635 0.996824 3.40472 0.0420903 0.996653 -0.0700767 -0.196921 -0.998278 0.0448194 0.0378377 5.09952
0.0432262 0.0689732 0.996682 3.48163 0.0399767 0.996696 -0.070708 -0.201352 -0.998265 0.0429005 0.040326 5.10201
0.0463014 0.0690464 0.996538 3.5573 0.0374235 0.996788 -0.0708024 -0.206422 -0.998226 0.0405722 0.0435687 5.10491
0.0494683 0.0712795 0.996229 3.63355 0.0361296 0.99667 -0.0731051 -0.211221 -0.998122 0.0396097 0.0467282 5.10908
0.0528392 0.0742744 0.995837 3.70751 0.0349512 0.996482 -0.076177 -0.216693 -0.997991 0.0388309 0.0500573 5.11374
0.056515 0.0767146 0.99545 3.78438 0.0349201 0.996282 -0.0787612 -0.222025 -0.997791 0.0392124 0.053626 5.11763
0.0593705 0.0789263 0.995111 3.86081 0.0289675 0.996313 -0.08075 -0.227648 -0.997816 0.03362 0.0568654 5.12251
0.0615228 0.0783855 0.995023 3.93622 0.0246309 0.996489 -0.0800239 -0.233296 -0.997802 0.0294316 0.0593761 5.12948
0.0656084 0.0786881 0.994738 4.015 0.0269109 0.996384 -0.0805932 -0.239275 -0.997482 0.0320569 0.0632536 5.13441
0.0689368 0.0800074 0.994408 4.0932 0.0260319 0.996295 -0.0819639 -0.245185 -0.997281 0.0315367 0.0665987 5.14048
0.0726942 0.0808891 0.994069 4.17093 0.0226535 0.996315 -0.0827285 -0.250443 -0.997097 0.028533 0.0705939 5.14591
0.0771454 0.0788861 0.993894 4.25141 0.0221014 0.996485 -0.0808072 -0.256996 -0.996775 0.0282004 0.0751307 5.15223
0.0820303 0.0788922 0.993502 4.33116 0.0222645 0.996468 -0.080966 -0.262916 -0.996381 0.0287615 0.0799841 5.159
0.0864012 0.0828839 0.992807 4.40879 0.0186443 0.996224 -0.0847918 -0.26881 -0.996086 0.0258363 0.0845296 5.16791
0.0929377 0.0915588 0.991453 4.48819 0.0176306 0.995456 -0.0935811 -0.27487 -0.995516 0.0261771 0.0909011 5.17495
0.100308 0.0963366 0.990282 4.56842 0.016037 0.995016 -0.0984216 -0.281425 -0.994827 0.0257536 0.098263 5.18365
0.107407 0.0994558 0.989228 4.64695 0.0113552 0.994796 -0.101249 -0.288023 -0.99415 0.0221076 0.105719 5.19303
0.114558 0.097432 0.988627 4.72801 0.00836586 0.995049 -0.0990343 -0.296346 -0.993381 0.0196159 0.113175 5.20275
0.121246 0.0960155 0.987968 4.80692 0.00735265 0.995197 -0.0976203 -0.303036 -0.992595 0.0191002 0.119957 5.21539
0.129677 0.0917792 0.9873 4.88638 0.00738923 0.99559 -0.0935204 -0.311321 -0.991529 0.0194228 0.128427 5.22274
0.136788 0.0863423 0.98683 4.96559 0.00599221 0.996104 -0.0879843 -0.317005 -0.990582 0.0179485 0.135738 5.23481
0.144334 0.0791627 0.986357 5.04674 0.00317001 0.996753 -0.0804609 -0.32369 -0.989524 0.01474 0.143615 5.24658
0.151443 0.0764589 0.985504 5.12615 0.00351021 0.996956 -0.0778867 -0.329691 -0.98846 0.0152548 0.150714 5.25965
0.158346 0.0779438 0.984302 5.20563 0.00311945 0.996835 -0.079438 -0.336597 -0.987379 0.0156492 0.157602 5.27414
0.16415 0.0848305 0.982781 5.28192 0.00321675 0.996244 -0.0865298 -0.342004 -0.98643 0.0173652 0.163261 5.28717
0.169755 0.088534 0.981501 5.35938 0.00140489 0.995934 -0.0900789 -0.348325 -0.985485 0.0166702 0.16894 5.29954
0.174136 0.0911321 0.980496 5.43401 -0.000185685 0.995711 -0.0925134 -0.355405 -0.984722 0.0159279 0.173406 5.31506
0.179439 0.0912434 0.979529 5.50957 -0.00264779 0.995731 -0.0922676 -0.362104 -0.983766 0.0139628 0.178914 5.32967
0.18469 0.0882388 0.978828 5.58489 0.00179569 0.995929 -0.0901193 -0.36776 -0.982795 0.0184018 0.18378 5.34374
0.189096 0.0811859 0.978597 5.65929 0.00216666 0.996539 -0.0830931 -0.375394 -0.981956 0.0178328 0.188265 5.35925
0.191976 0.0752231 0.978512 5.7324 0.000224899 0.997055 -0.0766927 -0.381274 -0.9814 0.0149432 0.191394 5.37443
0.195251 0.0722831 0.978086 5.80699 -0.00342328 0.997324 -0.0730215 -0.386871 -0.980747 0.0109093 0.194976 5.38931
0.198785 0.072365 0.977368 5.87806 -0.00498848 0.997332 -0.0728286 -0.392002 -0.980031 0.00960161 0.198615 5.40455
0.200451 0.0743926 0.976875 5.94813 -0.00720111 0.997198 -0.0744626 -0.397501 -0.979677 0.00789152 0.200425 5.42031
0.201086 0.078876 0.976393 6.01784 -0.0109412 0.996872 -0.078277 -0.402517 -0.979513 0.00505752 0.20132 5.43676
0.202458 0.0831143 0.975758 6.0999 -0.0127317 0.996531 -0.0822421 -0.409438 -0.979208 0.00422749 0.202814 5.45474
0.204824 0.0883844 0.9748 6.16858 -0.0125567 0.99607 -0.0876745 -0.414762 -0.978718 0.00571758 0.205129 5.46957
0.206565 0.08989 0.974295 6.23128 -0.0123711 0.995931 -0.0892633 -0.420114 -0.978355 0.00638558 0.206837 5.48313
0.20772 0.0897529 0.974062 6.29704 -0.0147426 0.995956 -0.0886264 -0.425997 -0.978077 0.00404929 0.208203 5.4982
0.208994 0.0866082 0.974074 6.36192 -0.014626 0.996236 -0.0854406 -0.431634 -0.977808 0.0036098 0.209474 5.51194
0.209455 0.0841085 0.974194 6.42624 -0.014463 0.996451 -0.0829205 -0.437307 -0.977711 0.00327835 0.209928 5.5261
0.209226 0.0831885 0.974322 6.48978 -0.0137241 0.996527 -0.0821372 -0.442138 -0.977771 0.00381354 0.209641 5.54004
0.207806 0.0826412 0.974673 6.55152 -0.0145904 0.996576 -0.0813875 -0.447702 -0.978061 0.00269201 0.208301 5.55329
0.205986 0.0833581 0.974998 6.61324 -0.0161474 0.996519 -0.0817866 -0.453321 -0.978422 0.00110322 0.206615 5.56694
0.203843 0.0860044 0.975219 6.67458 -0.0165859 0.996294 -0.0843962 -0.459021 -0.978863 0.00102864 0.204514 5.57969
0.201467 0.0898008 0.97537 6.73131 -0.0147305 0.995954 -0.0886532 -0.464032 -0.979385 0.003493 0.201974 5.59234
0.199724 0.0906011 0.975654 6.79013 -0.0124423 0.99587 -0.0899313 -0.46878 -0.979773 0.00582208 0.200027 5.60371
0.197809 0.0892431 0.97617 6.84511 -0.0137113 0.996002 -0.0882778 -0.473734 -0.980145 0.0040776 0.198242 5.61439
0.195096 0.0862425 0.976985 6.90109 -0.0133964 0.996268 -0.0852695 -0.478414 -0.980693 0.00354766 0.195523 5.62636
0.192812 0.0826055 0.977752 6.95637 -0.0129558 0.996578 -0.0816411 -0.48294 -0.98115 0.00307384 0.193223 5.6372
0.190916 0.0816246 0.978207 7.01098 -0.00948764 0.996644 -0.0813114 -0.487738 -0.98156 0.0062428 0.19105 5.64803
0.189581 0.0827918 0.978368 7.06256 -0.0055375 0.996513 -0.0832542 -0.491731 -0.98185 0.0103657 0.189378 5.65621
0.187009 0.0851429 0.978661 7.11536 -0.0015733 0.996262 -0.0863735 -0.495169 -0.982357 0.0146129 0.186444 5.66554
0.185232 0.0868272 0.978851 7.1668 -0.00213562 0.996122 -0.0879551 -0.499415 -0.982693 0.0142016 0.184699 5.67573
0.183719 0.0892915 0.978915 7.22003 -0.00201812 0.995898 -0.0904619 -0.503832 -0.982977 0.014644 0.183146 5.68663
0.182611 0.0880401 0.979236 7.27345 -0.000142859 0.995985 -0.0895194 -0.508072 -0.983185 0.0162073 0.18189 5.69602
0.183232 0.0860567 0.979296 7.32578 0.00615078 0.996041 -0.0886791 -0.512354 -0.98305 0.0222723 0.181978 5.70597
0.185512 0.0842981 0.979019 7.37945 0.0108347 0.996077 -0.0878199 -0.516593 -0.982582 0.026899 0.183871 5.71556
0.18759 0.0830275 0.978732 7.43198 0.014163 0.996089 -0.0872144 -0.521092 -0.982145 0.0302223 0.18568 5.72467
0.190947 0.0831811 0.97807 7.48628 0.0110243 0.996158 -0.0868718 -0.525653 -0.981538 0.0273705 0.189296 5.73596
0.195888 0.0836256 0.977054 7.5392 0.00985595 0.996139 -0.087235 -0.530393 -0.980577 0.0267181 0.194307 5.74772
0.202458 0.0826496 0.975797 7.59471 0.0112855 0.996169 -0.0867166 -0.534135 -0.979226 0.0285688 0.20075 5.75971
0.210241 0.0830091 0.974119 7.64912 0.00989482 0.996157 -0.0870226 -0.537825 -0.9776 0.0279345 0.208612 5.77186
0.218375 0.0811014 0.972489 7.70483 0.00991045 0.996305 -0.085313 -0.542171 -0.975815 0.028268 0.216764 5.78582
0.227663 0.0806459 0.970395 7.76192 0.00668416 0.996412 -0.0843762 -0.547253 -0.973717 0.0256956 0.226307 5.79947
0.237342 0.0811208 0.968033 7.82113 0.00518222 0.996387 -0.0847674 -0.550528 -0.971412 0.0251354 0.236064 5.8156
0.247004 0.0844186 0.96533 7.87849 -0.000276889 0.996204 -0.0870476 -0.556683 -0.969014 0.0212338 0.24609 5.83123
0.256022 0.0871479 0.962735 7.93741 -0.00404736 0.996016 -0.0890842 -0.561137 -0.966663 0.0189109 0.255354 5.84926
0.266089 0.089331 0.9598 7.9962 -0.00812806 0.995869 -0.0904346 -0.566498 -0.963914 0.0162624 0.265716 5.86775
0.276948 0.0910303 0.956563 8.057 -0.00933436 0.99571 -0.0920531 -0.571444 -0.96084 0.016565 0.276609 5.88585
0.286803 0.0917041 0.95359 8.11872 -0.012067 0.995675 -0.0921219 -0.577109 -0.957913 0.0149139 0.286669 5.90545
0.29719 0.0918201 0.950393 8.18001 -0.0126494 0.995657 -0.0922376 -0.58202 -0.954735 0.0153902 0.29706 5.92527
0.307379 0.0931636 0.947016 8.24303 -0.017445 0.99558 -0.092279 -0.587283 -0.951427 0.0118439 0.307645 5.9472
0.317981 0.0883089 0.943975 8.30698 -0.0168742 0.996022 -0.0874937 -0.592075 -0.947947 0.0118926 0.318206 5.96939
0.329454 0.0809587 0.940694 8.37468 -0.0127921 0.996608 -0.0812907 -0.597466 -0.944085 0.0147481 0.329372 5.9926
0.340034 0.0767351 0.937277 8.44112 -0.0117087 0.996934 -0.0773714 -0.602739 -0.94034 0.0153346 0.33989 6.01771
0.350255 0.0734134 0.933773 8.50908 -0.0124869 0.997201 -0.0737163 -0.608317 -0.936571 0.0141595 0.350192 6.04315
0.359926 0.0712268 0.930258 8.57757 -0.0063539 0.997246 -0.0738974 -0.61253 -0.932959 0.0206868 0.359387 6.06961
0.368933 0.0651758 0.927168 8.64642 0.000821647 0.997515 -0.0704478 -0.61666 -0.929456 0.0267524 0.367963 6.09641
0.37567 0.0557433 0.925075 8.71594 0.00989604 0.997891 -0.0641498 -0.620493 -0.926701 0.0332537 0.374326 6.1245
0.383423 0.0514528 0.922138 8.78766 0.0152537 0.997958 -0.0620257 -0.624689 -0.923447 0.0378481 0.381856 6.15237
0.390512 0.0517443 0.919142 8.85701 0.017143 0.997837 -0.063458 -0.629387 -0.920438 0.040538 0.388781 6.18263
0.397826 0.0577625 0.915641 8.92559 0.0195122 0.997258 -0.0713889 -0.633748 -0.917253 0.0462665 0.395608 6.21171
0.405003 0.0614593 0.912247 8.99309 0.0237614 0.996694 -0.0776978 -0.637946 -0.914006 0.0531442 0.402204 6.24105
0.410347 0.0635116 0.909715 9.06144 0.0224452 0.996566 -0.0796995 -0.642761 -0.911653 0.0531232 0.407512 6.27279
0.41483 0.0649309 0.907579 9.12958 0.0153935 0.996807 -0.0783504 -0.649375 -0.909769 0.0464729 0.412506 6.3055
0.418831 0.0687568 0.905457 9.19675 0.00852218 0.996788 -0.0796341 -0.655183 -0.908024 0.0410697 0.4169 6.3373
0.423049 0.0720752 0.903235 9.26421 0.00746693 0.99652 -0.0830163 -0.66174 -0.906076 0.0418644 0.421039 6.36918
0.426825 0.0762719 0.901112 9.32814 0.00440162 0.99625 -0.0864095 -0.667101 -0.904324 0.0408481 0.424888 6.40051
0.430487 0.0790186 0.899131 9.39319 0.001409 0.9961 -0.0882152 -0.673698 -0.902596 0.0392424 0.428697 6.43215
0.434926 0.0779069 0.89709 9.46008 -0.000278324 0.996262 -0.0863845 -0.680051 -0.900466 0.0373212 0.433322 6.46373
0.438992 0.0749092 0.895363 9.52207 0.000921321 0.99648 -0.0838208 -0.684316 -0.898491 0.0376215 0.437377 6.49369
0.442554 0.0719049 0.893854 9.58418 0.000756434 0.99675 -0.0805568 -0.690398 -0.896741 0.0363269 0.441062 6.52485
0.446198 0.0707527 0.892133 9.64528 -0.000122612 0.996875 -0.0789982 -0.696734 -0.894934 0.0351394 0.444812 6.55611
0.449649 0.0724913 0.890259 9.70611 -0.00160147 0.996765 -0.0803549 -0.701683 -0.893204 0.0347058 0.448311 6.58763
0.452685 0.0728258 0.888692 9.76603 -0.000802405 0.996692 -0.0812674 -0.707241 -0.89167 0.0360754 0.451246 6.61801
0.454083 0.0718903 0.888054 9.82335 -3.40141e-05 0.996741 -0.0806713 -0.712306 -0.89096 0.0366013 0.452605 6.64829
0.456164 0.0701522 0.887126 9.88167 0.00246349 0.996785 -0.0800905 -0.717731 -0.889892 0.0387198 0.454524 6.67766
0.458207 0.0699322 0.88609 9.93882 0.00137041 0.996843 -0.0793817 -0.722789 -0.888844 0.0375876 0.456665 6.70751
0.459446 0.069398 0.885491 9.99367 0.00237528 0.996843 -0.0793574 -0.728494 -0.888203 0.0385637 0.457831 6.73819
0.462108 0.0711585 0.883964 10.0476 0.002646 0.996661 -0.0816138 -0.732001 -0.88682 0.0400534 0.460377 6.76631
0.465276 0.0711357 0.882302 10.1016 0.0050605 0.996535 -0.0830143 -0.737461 -0.885151 0.0430895 0.463304 6.79382
0.468371 0.0700684 0.880749 10.1543 0.0077962 0.996484 -0.0834216 -0.741453 -0.883498 0.0459387 0.466178 6.82063
0.47172 0.0684177 0.87909 10.2063 0.0108691 0.996458 -0.0833846 -0.745856 -0.881681 0.0488891 0.469306 6.84832
0.475025 0.0675734 0.877374 10.2567 0.0120945 0.996452 -0.0832926 -0.750714 -0.879889 0.0501775 0.472522 6.87534
0.478596 0.0669925 0.875476 10.307 0.0143187 0.996357 -0.0840701 -0.754145 -0.877919 0.0527713 0.475893 6.9016
0.481986 0.0665632 0.873647 10.3555 0.0134714 0.996429 -0.08335 -0.759668 -0.876075 0.0519428 0.479368 6.92872
0.485576 0.0661002 0.871692 10.4037 0.0152338 0.996346 -0.0840387 -0.764073 -0.874062 0.0540864 0.482794 6.95468
0.489401 0.0673467 0.869454 10.4536 0.014685 0.996236 -0.0854329 -0.768766 -0.871935 0.0545789 0.48657 6.9837
0.493319 0.067596 0.867218 10.5022 0.0162748 0.996084 -0.0868985 -0.773619 -0.869696 0.0569825 0.490287 7.01206
0.498247 0.0710208 0.864121 10.5497 0.0139866 0.995851 -0.0899121 -0.778623 -0.866922 0.0568846 0.495187 7.03978
0.503364 0.0770735 0.86063 10.5965 0.0107332 0.995379 -0.0954186 -0.783492 -0.864008 0.0572676 0.500211 7.06857
0.509006 0.0843297 0.856622 10.6433 0.00453178 0.994913 -0.100636 -0.78889 -0.860751 0.0551066 0.506034 7.09838
0.51494 0.090575 0.852428 10.6892 -0.000590018 0.994439 -0.105308 -0.794066 -0.857226 0.0537244 0.51213 7.12765
0.521129 0.094995 0.848175 10.7355 -0.00431194 0.994067 -0.108686 -0.799613 -0.853467 0.0529819 0.518447 7.1572
0.52664 0.0951723 0.844744 10.7827 -0.00851342 0.994254 -0.106709 -0.80512 -0.850046 0.0490056 0.524424 7.18784
0.531398 0.0942751 0.84186 10.8305 -0.0150564 0.994682 -0.101885 -0.811526 -0.846989 0.041466 0.529991 7.22194
0.537878 0.0925953 0.837922 10.8784 -0.0216881 0.99514 -0.0960468 -0.815637 -0.842744 0.0334885 0.537273 7.25148
0.542722 0.0905064 0.835022 10.928 -0.0279689 0.995573 -0.0897298 -0.822225 -0.839447 0.0253437 0.542851 7.28908
0.547786 0.0885401 0.83192 10.9773 -0.0307523 0.995843 -0.085737 -0.827979 -0.836053 0.0213821 0.548231 7.32704
0.554274 0.0925845 0.827169 11.0251 -0.0357343 0.995525 -0.0874834 -0.831629 -0.831567 0.0189315 0.555102 7.36004
0.559937 0.0965212 0.822894 11.0741 -0.0404475 0.995191 -0.0892084 -0.836991 -0.827547 0.0166672 0.561149 7.3959
0.566749 0.0997 0.817836 11.1259 -0.0426202 0.99487 -0.0917465 -0.841097 -0.822787 0.0171409 0.568091 7.43222
0.572902 0.101968 0.813257 11.177 -0.04449 0.994637 -0.0933686 -0.845418 -0.818416 0.0173093 0.574366 7.47042
0.579643 0.102987 0.808336 11.2274 -0.0475962 0.994567 -0.0925832 -0.850487 -0.813479 0.0151915 0.581395 7.50612
0.586186 0.105229 0.803313 11.2804 -0.0539594 0.994398 -0.0908857 -0.856108 -0.808377 0.00992967 0.588581 7.54546
0.594326 0.103209 0.797574 11.3306 -0.0541122 0.994615 -0.0883846 -0.860829 -0.802402 0.0093707 0.59671 7.58231
0.601201 0.101505 0.792625 11.3837 -0.0546683 0.9948 -0.0859302 -0.8657 -0.797226 0.0083298 0.603624 7.62582
0.608371 0.101868 0.787088 11.4376 -0.0558372 0.994765 -0.0855878 -0.870998 -0.791686 0.0081203 0.610874 7.6696
0.616115 0.103868 0.780778 11.4912 -0.0606814 0.99458 -0.0844271 -0.876866 -0.785316 0.00463804 0.619078 7.71398
0.623904 0.104599 0.774469 11.5461 -0.0618777 0.994503 -0.0844687 -0.882154 -0.779047 0.00477806 0.626947 7.75917
0.630631 0.105441 0.768887 11.6025 -0.0639381 0.994418 -0.0839276 -0.886837 -0.773445 0.0037661 0.633852 7.80749
0.635338 0.104466 0.765135 11.6579 -0.0642506 0.994523 -0.0824341 -0.892695 -0.769557 0.00321311 0.638571 7.85579
0.639248 0.103393 0.762018 11.7151 -0.0632776 0.994632 -0.0818718 -0.89755 -0.766393 0.00411776 0.642359 7.90437
0.642367 0.10137 0.759663 11.7806 -0.0601155 0.994824 -0.0819169 -0.902819 -0.764036 0.00695319 0.645136 7.9597
0.646412 0.0968742 0.756814 11.8404 -0.0545459 0.995236 -0.080804 -0.909315 -0.761036 0.0109515 0.648617 8.00992
0.650021 0.0902012 0.754543 11.9011 -0.046497 0.995791 -0.0789848 -0.914703 -0.758492 0.0162578 0.65148 8.06299
0.653781 0.0849672 0.751898 11.9624 -0.0414318 0.996205 -0.0765494 -0.919725 -0.755549 0.0188941 0.65482 8.11505
0.65655 0.079823 0.750047 12.0234 -0.035804 0.996562 -0.0747172 -0.924098 -0.753433 0.0222009 0.65715 8.17056
0.660024 0.078494 0.747132 12.0846 -0.0359242 0.996686 -0.0729765 -0.930104 -0.750385 0.0213261 0.660657 8.22537
0.663067 0.0799836 0.744274 12.1444 -0.0369282 0.99656 -0.0741965 -0.936342 -0.747648 0.0217126 0.66374 8.27793
0.666087 0.084893 0.741027 12.2054 -0.0430167 0.99622 -0.0754618 -0.941649 -0.744632 0.0183876 0.667222 8.33312
0.668647 0.0882569 0.738324 12.2649 -0.0491599 0.996006 -0.0745388 -0.947577 -0.741953 0.0135443 0.670315 8.38972
0.671469 0.0851739 0.736122 12.3266 -0.0495686 0.99631 -0.0700643 -0.952723 -0.739373 0.0105574 0.673213 8.44679
0.675514 0.0819675 0.732777 12.3892 -0.0523407 0.996625 -0.0632308 -0.957946 -0.735487 0.00435922 0.677525 8.50461
0.679282 0.0762684 0.729903 12.4514 -0.0515825 0.997087 -0.0561817 -0.962603 -0.732062 0.000513059 0.681238 8.56294
0.684209 0.0712673 0.725795 12.5142 -0.0482052 0.997457 -0.052499 -0.966826 -0.727691 0.000933171 0.685904 8.62005
0.688815 0.0690582 0.72164 12.5769 -0.0435167 0.997596 -0.0539289 -0.970675 -0.72363 0.00574362 0.690164 8.67991
0.694587 0.0652153 0.716447 12.6397 -0.032583 0.997713 -0.059229 -0.975135 -0.718671 0.0177957 0.695123 8.73864
0.699794 0.0669963 0.711196 12.701 -0.0268693 0.997356 -0.0675146 -0.979047 -0.71384 0.0281369 0.699744 8.79815
0.705439 0.0671204 0.705585 12.7635 -0.0236242 0.997179 -0.0712396 -0.983464 -0.708377 0.0335864 0.705035 8.86067
0.71139 0.0627557 0.69999 12.825 -0.0209948 0.997458 -0.0680877 -0.988316 -0.702484 0.0337407 0.710899 8.92309
0.716801 0.0565899 0.694978 12.8872 -0.0156278 0.997755 -0.0651256 -0.993513 -0.697103 0.0358211 0.716076 8.98739
0.722197 0.0538969 0.689584 12.9489 -0.0118653 0.997778 -0.0655584 -0.998803 -0.691586 0.039164 0.721232 9.05113
0.726883 0.055666 0.684502 13.0106 -0.00903235 0.997398 -0.0715203 -1.0035 -0.686702 0.0458042 0.725495 9.11536
0.730243 0.0577608 0.680741 13.0703 -0.010869 0.997276 -0.0729594 -1.00952 -0.683101 0.0458791 0.728882 9.18196
0.733551 0.0547875 0.677422 13.1317 -0.00836625 0.997398 -0.0716066 -1.01556 -0.679582 0.0468596 0.732101 9.2478
0.736312 0.0489496 0.674869 13.1936 -0.00465588 0.997723 -0.0672871 -1.0209 -0.676626 0.0464022 0.734863 9.31356
0.737939 0.0441056 0.673424 13.2548 -0.000646837 0.997908 -0.0646487 -1.02586 -0.674867 0.0472713 0.736424 9.37892
0.738553 0.0390513 0.673063 13.3157 0.00343628 0.99809 -0.06168 -1.03073 -0.674187 0.0478668 0.737008 9.44564
0.738455 0.0385427 0.6732 13.375 0.00276184 0.998184 -0.0601786 -1.0365 -0.674297 0.0462985 0.737008 9.51327
0.738844 0.0385395 0.672773 13.4333 0.00220158 0.99822 -0.0596003 -1.04066 -0.673872 0.0455165 0.737444 9.57533
0.738246 0.0405936 0.673309 13.5027 0.000698211 0.998141 -0.0609431 -1.0468 -0.674531 0.0454611 0.736845 9.65137
0.736825 0.044466 0.67462 13.5607 -0.00353932 0.998075 -0.0619202 -1.0526 -0.676074 0.0432366 0.735564 9.71747
0.735088 0.0480697 0.676265 13.6211 -0.00676196 0.997953 -0.0635856 -1.05802 -0.677938 0.0421681 0.733909 9.7833
0.733091 0.050393 0.678261 13.6804 -0.0102414 0.997956 -0.0630762 -1.06283 -0.680053 0.0392943 0.732109 9.84845
0.730924 0.0514956 0.680513 13.7394 -0.0117433 0.99795 -0.0629035 -1.06774 -0.682357 0.0379862 0.730031 9.91212
0.728645 0.0504758 0.683029 13.8006 -0.0121817 0.998078 -0.0607626 -1.07304 -0.684784 0.0359539 0.727859 9.97796
0.726142 0.0492479 0.685778 13.8606 -0.0133304 0.998252 -0.0575726 -1.07827 -0.687415 0.0326642 0.72553 10.0426
0.723696 0.0457594 0.688601 13.9209 -0.0097503 0.998378 -0.0560977 -1.08223 -0.69005 0.0338836 0.722968 10.1059
0.720755 0.049959 0.691387 13.9801 -0.0106306 0.998079 -0.0610381 -1.08807 -0.693109 0.0366436 0.719901 10.1691
0.717443 0.0602936 0.694003 14.0395 -0.0161523 0.997419 -0.069956 -1.0934 -0.696429 0.0389798 0.716566 10.2307
0.713844 0.0672748 0.697066 14.0986 -0.0187897 0.996857 -0.076966 -1.09875 -0.700053 0.041844 0.712864 10.2934
0.710566 0.0655244 0.700573 14.1578 -0.0204717 0.997158 -0.0725002 -1.10477 -0.703333 0.0371743 0.709888 10.3545
0.706339 0.0635417 0.705016 14.2262 -0.0227073 0.997484 -0.0671513 -1.11143 -0.70751 0.0314225 0.706005 10.4252
0.702826 0.0619775 0.708657 14.2874 -0.025051 0.997736 -0.0624149 -1.11723 -0.710921 0.0261142 0.702787 10.4866
0.699097 0.0618181 0.712349 14.3469 -0.0244838 0.997741 -0.0625562 -1.12252 -0.714607 0.0262919 0.699032 10.547
0.696502 0.0604538 0.715004 14.4091 -0.0228651 0.997809 -0.0620915 -1.12764 -0.71719 0.0268982 0.696358 10.6065
0.693443 0.0599368 0.718014 14.4701 -0.0192514 0.99772 -0.0646929 -1.13242 -0.720254 0.0310381 0.693016 10.665
0.690056 0.0593153 0.721321 14.5334 -0.0157238 0.997629 -0.0669942 -1.13778 -0.723585 0.0348879 0.689353 10.7248
0.686197 0.0597569 0.724957 14.5953 -0.0127943 0.997457 -0.0701084 -1.14291 -0.727303 0.0388329 0.685217 10.7832
0.682362 0.0607838 0.728483 14.6575 -0.0134736 0.997414 -0.0706026 -1.14828 -0.73089 0.0383612 0.681416 10.8413
0.678048 0.0624852 0.732357 14.7202 -0.0156082 0.997379 -0.0706463 -1.15403 -0.734852 0.0364708 0.677246 10.8998
0.67371 0.0622362 0.73637 14.785 -0.0146986 0.997379 -0.070848 -1.15938 -0.73885 0.0369074 0.672859 10.9564
0.667971 0.0651912 0.741326 14.8504 -0.017788 0.99727 -0.0716707 -1.16574 -0.743975 0.0346873 0.667307 11.0176
0.661447 0.0715379 0.746573 14.913 -0.0200712 0.996772 -0.0777299 -1.17064 -0.749724 0.0364295 0.660748 11.0773
0.654878 0.0783754 0.75166 14.9773 -0.0243766 0.996281 -0.0826441 -1.17722 -0.755342 0.0357988 0.654353 11.1349
0.648737 0.0808235 0.756708 15.0426 -0.024308 0.996038 -0.0855465 -1.18282 -0.760624 0.0371032 0.648131 11.1904
0.641869 0.0752954 0.763108 15.1081 -0.0250418 0.996695 -0.0772799 -1.18991 -0.766405 0.030494 0.641633 11.2472
0.634996 0.0720509 0.769148 15.172 -0.0320715 0.997241 -0.0669402 -1.19628 -0.77185 0.017839 0.635555 11.3012
0.62783 0.0670063 0.775461 15.237 -0.031397 0.997657 -0.0607862 -1.20163 -0.777717 0.0138163 0.628463 11.3544
0.620154 0.068137 0.781516 15.3049 -0.03602 0.997643 -0.0583974 -1.20604 -0.783653 0.00806519 0.621147 11.411
0.612282 0.0690105 0.787622 15.3754 -0.0338125 0.997558 -0.0611197 -1.21095 -0.789916 0.0107911 0.61312 11.4667
0.6057 0.0694976 0.792652 15.4434 -0.0297553 0.99746 -0.0647172 -1.21666 -0.795136 0.0156137 0.60623 11.5191
0.598894 0.0772269 0.797096 15.5154 -0.0280047 0.99675 -0.0755293 -1.2228 -0.800339 0.0229116 0.59911 11.5713
0.59134 0.0785618 0.802586 15.5864 -0.0245106 0.996534 -0.0794873 -1.22805 -0.80605 0.0273322 0.591216 11.6233
0.584351 0.0752069 0.808008 15.6607 -0.0218141 0.996792 -0.0770023 -1.23336 -0.811208 0.0273704 0.584117 11.6776
0.57717 0.0695859 0.813654 15.7347 -0.018106 0.997208 -0.0724404 -1.2401 -0.816423 0.0270784 0.576819 11.7297
0.570432 0.068757 0.818462 15.8082 -0.0169791 0.997264 -0.0719441 -1.24547 -0.821169 0.0271425 0.570039 11.7802
0.563917 0.0700058 0.822859 15.8808 -0.0182372 0.997213 -0.072341 -1.25226 -0.82563 0.0257877 0.563622 11.8292
0.55783 0.0671484 0.827234 15.9544 -0.0132142 0.997314 -0.0720434 -1.25833 -0.82985 0.0292568 0.557219 11.8781
0.552445 0.0612551 0.831296 16.0269 -0.0083847 0.997654 -0.0679413 -1.26436 -0.833507 0.0305637 0.551662 11.9264
0.547793 0.0586818 0.834554 16.0986 -0.00786094 0.997854 -0.0650045 -1.27019 -0.836577 0.0290486 0.547078 11.9734
0.543334 0.0578511 0.837521 16.1698 -0.00949163 0.997982 -0.0627773 -1.27569 -0.839463 0.0261595 0.542786 12.0197
0.538748 0.0596885 0.84035 16.2402 -0.00971446 0.997861 -0.0646483 -1.28111 -0.842411 0.0266656 0.538175 12.0648
0.534784 0.0623572 0.842685 16.3082 -0.00860668 0.997624 -0.0683605 -1.28636 -0.844945 0.0293054 0.53405 12.1094
0.532013 0.067963 0.844004 16.3776 -0.00875217 0.997162 -0.0747791 -1.29206 -0.846691 0.0323965 0.531097 12.1524
0.52897 0.0705743 0.845701 16.4448 -0.0108625 0.997018 -0.0764074 -1.29733 -0.848571 0.0312308 0.528159 12.1937
0.526729 0.0658116 0.847482 16.5135 -0.0102417 0.997417 -0.0710895 -1.30264 -0.849971 0.0287653 0.526043 12.2362
0.524549 0.0573778 0.849444 16.5836 -0.00670526 0.997974 -0.06327 -1.30862 -0.851354 0.0274925 0.523871 12.2797
0.522243 0.0519948 0.85121 16.652 -0.00165804 0.9982 -0.0599561 -1.31294 -0.852795 0.0299003 0.521389 12.3211
0.51995 0.0505458 0.8527 16.7197 0.00342002 0.998117 -0.0612511 -1.31756 -0.85419 0.0347637 0.518798 12.3614
0.517641 0.0529043 0.853961 16.7856 0.00506618 0.99788 -0.0648912 -1.32228 -0.855583 0.0379167 0.516276 12.4021
0.51538 0.0602472 0.854841 16.8503 0.00186544 0.997444 -0.0714222 -1.32815 -0.85696 0.0384042 0.513951 12.4422
0.513503 0.0683506 0.855361 16.9139 0.000419221 0.996802 -0.0799046 -1.33409 -0.858087 0.0413899 0.511833 12.4805
0.512219 0.0695269 0.856036 16.9784 0.0045193 0.996486 -0.0836384 -1.33887 -0.858843 0.0467099 0.510105 12.5183
0.510741 0.0634099 0.857393 17.0434 0.00526145 0.997027 -0.076871 -1.34199 -0.859718 0.0437723 0.508889 12.5545
0.508229 0.056085 0.859394 17.1085 -0.00165476 0.997939 -0.064148 -1.3473 -0.86122 0.0311798 0.507275 12.5925
0.505033 0.053058 0.861468 17.1709 -0.00884706 0.998375 -0.0563035 -1.35178 -0.863055 0.0208137 0.504682 12.6307
0.503269 0.0547785 0.862392 17.2329 -0.00989704 0.998289 -0.057635 -1.35661 -0.864073 0.0204708 0.50295 12.667
0.50137 0.0579027 0.863293 17.2935 -0.00691205 0.997994 -0.062923 -1.35897 -0.865205 0.0255806 0.500765 12.7015
0.49839 0.0598082 0.864888 17.353 -0.00587297 0.997828 -0.0656169 -1.36298 -0.866933 0.0276233 0.497658 12.7376
0.496676 0.0588996 0.865935 17.412 -0.00607154 0.997906 -0.0643936 -1.36694 -0.867915 0.0267252 0.495993 12.7704
0.493878 0.0583973 0.867568 17.4727 -0.00659421 0.997965 -0.0634206 -1.37151 -0.869506 0.0256011 0.493258 12.8046
0.491724 0.0575696 0.868846 17.5296 -0.00599697 0.998012 -0.0627341 -1.37575 -0.870731 0.0256374 0.491092 12.8364
0.490095 0.0579802 0.869739 17.5975 -0.00506672 0.997958 -0.0636727 -1.38115 -0.871655 0.0267989 0.489388 12.8737
0.485947 0.0597026 0.871947 17.6549 -0.004354 0.997817 -0.0658944 -1.38516 -0.873977 0.0282248 0.485146 12.906
0.482092 0.0613918 0.873967 17.7133 -0.00404804 0.997687 -0.0678496 -1.38957 -0.876111 0.0291719 0.481225 12.9366
0.477134 0.0635762 0.876528 17.7674 -0.00479473 0.997553 -0.0697444 -1.39346 -0.878817 0.0290747 0.476272 12.9668
0.472512 0.0661087 0.878841 17.8244 -0.00447372 0.99735 -0.072618 -1.39783 -0.881313 0.0303812 0.471556 12.9966
0.467465 0.0688755 0.881324 17.8808 -0.00301066 0.997078 -0.0763248 -1.40245 -0.884006 0.0330258 0.466307 13.0253
0.461124 0.0725292 0.884366 17.9385 -0.00171623 0.996725 -0.0808491 -1.40578 -0.887334 0.0357637 0.459738 13.0552
0.454986 0.0748578 0.887347 17.9956 -0.00306808 0.996586 -0.0825002 -1.41075 -0.890494 0.0348139 0.453662 13.0842
0.448759 0.0771423 0.890317 18.0515 -0.00777676 0.996567 -0.0824286 -1.4152 -0.893619 0.0300668 0.447818 13.1107
0.442475 0.0791697 0.893279 18.1094 -0.0113707 0.996511 -0.0826866 -1.41956 -0.896709 0.0264296 0.441831 13.1398
0.435585 0.0797002 0.896612 18.1653 -0.0119466 0.996497 -0.0827752 -1.42497 -0.900068 0.0253441 0.435011 13.1683
0.428797 0.0833324 0.899549 18.2238 -0.0132341 0.996209 -0.0859784 -1.42923 -0.903304 0.0249626 0.428274 13.1966
0.420732 0.0883953 0.902868 18.2823 -0.0166236 0.995826 -0.0897498 -1.43431 -0.907032 0.0227517 0.420445 13.2246
0.413008 0.0922423 0.906044 18.342 -0.0185643 0.995504 -0.0928877 -1.43962 -0.910538 0.0215433 0.412863 13.2533
0.406046 0.0949314 0.908909 18.4043 -0.0203569 0.995283 -0.0948585 -1.44549 -0.913626 0.0200143 0.406063 13.2806
0.399095 0.0962198 0.911847 18.4675 -0.0201981 0.99516 -0.0961709 -1.45266 -0.916687 0.0199638 0.399107 13.3078
0.391221 0.0990205 0.914954 18.5298 -0.0215198 0.994907 -0.0984718 -1.45785 -0.920045 0.0188347 0.39136 13.3357
0.385144 0.0985217 0.917582 18.5966 -0.0174952 0.994886 -0.0994784 -1.46501 -0.922691 0.0222602 0.384898 13.3611
0.378417 0.0973917 0.920497 18.6632 -0.015527 0.994977 -0.0988888 -1.47123 -0.925505 0.0231286 0.378028 13.3881
0.371008 0.0948392 0.923774 18.7303 -0.0148019 0.995249 -0.0962323 -1.47738 -0.928512 0.0220294 0.370649 13.415
0.36383 0.0923627 0.926875 18.7994 -0.0156174 0.995537 -0.0930744 -1.48388 -0.931335 0.0193879 0.363648 13.4416
0.356671 0.0884998 0.930029 18.8807 -0.0149066 0.995915 -0.0890527 -1.49097 -0.934111 0.0178989 0.356533 13.4749
0.351528 0.0847782 0.932331 18.9529 -0.0114095 0.996205 -0.0862845 -1.49656 -0.936108 0.0196941 0.351162 13.4991
0.346077 0.0790026 0.934874 19.0294 -0.0117746 0.996736 -0.0798715 -1.50262 -0.938132 0.016634 0.345878 13.5274
0.340727 0.0727547 0.937343 19.1026 -0.0100017 0.997225 -0.073767 -1.5087 -0.940109 0.0157594 0.340509 13.554
0.336569 0.0715785 0.938934 19.1782 -0.00438072 0.997215 -0.0744511 -1.51455 -0.941649 0.0209447 0.335945 13.5795
0.332154 0.0794511 0.939873 19.2516 -0.000933433 0.996473 -0.0839059 -1.52022 -0.943225 0.0269924 0.331057 13.6042
0.327679 0.0890311 0.940585 19.3268 0.00488885 0.995377 -0.0959206 -1.52685 -0.944777 0.0360295 0.325729 13.6298
0.323852 0.096182 0.941206 19.3982 0.0106036 0.994388 -0.105265 -1.53207 -0.946048 0.0440705 0.321015 13.6511
0.318719 0.0922161 0.943353 19.4794 0.0160871 0.994586 -0.102659 -1.53896 -0.947713 0.0478953 0.31551 13.6788
0.314354 0.0847983 0.945511 19.5535 0.0225432 0.995055 -0.0967366 -1.54505 -0.949038 0.0517244 0.310888 13.7023
0.309677 0.0782071 0.94762 19.6313 0.0263029 0.995526 -0.0907564 -1.5537 -0.950478 0.0530304 0.306234 13.7269
0.305021 0.0837989 0.948652 19.7074 0.023483 0.995156 -0.0954575 -1.56173 -0.952056 0.0513938 0.301576 13.7519
0.299877 0.093179 0.949416 19.7818 0.0190937 0.994433 -0.103628 -1.56802 -0.953787 0.0492035 0.296429 13.7754
0.294317 0.0972235 0.95075 19.8713 0.0150618 0.994217 -0.106331 -1.57635 -0.955589 0.0456151 0.291151 13.8053
0.289301 0.0920145 0.952806 19.9553 0.0129826 0.994901 -0.100022 -1.58511 -0.95715 0.0413062 0.286631 13.8294
0.283611 0.089673 0.954737 20.0393 0.00999448 0.995288 -0.0964505 -1.59305 -0.958887 0.0368966 0.281378 13.856
0.278163 0.0911777 0.956196 20.1158 0.00823957 0.995221 -0.0972959 -1.60058 -0.960498 0.0349428 0.276083 13.8781
0.273439 0.0946011 0.957226 20.2016 0.0077407 0.994903 -0.100536 -1.60841 -0.961858 0.0349001 0.271313 13.903
0.271213 0.0936563 0.957952 20.3034 0.0123309 0.994835 -0.100753 -1.61824 -0.96244 0.039138 0.268657 13.9227
0.264714 0.0928176 0.95985 20.3686 0.0162437 0.994787 -0.100676 -1.62416 -0.96419 0.0422418 0.261827 13.9487
0.260081 0.0921636 0.961178 20.4393 0.0174579 0.994823 -0.100113 -1.63126 -0.965429 0.0428178 0.257125 13.9668
0.256419 0.0925798 0.962122 20.527 0.0178952 0.994777 -0.100491 -1.63894 -0.9664 0.0429852 0.253423 13.9914
0.253298 0.0924943 0.962956 20.6198 0.0186403 0.994767 -0.100453 -1.64681 -0.967209 0.0433944 0.250248 14.0143
0.250214 0.0918562 0.963823 20.7062 0.0160625 0.994958 -0.0989934 -1.65433 -0.968057 0.040251 0.247478 14.0391
0.247289 0.0900004 0.964753 20.792 0.0161259 0.995157 -0.0969701 -1.66215 -0.968808 0.0395371 0.24464 14.0614
0.245048 0.0902488 0.965301 20.8802 0.0123726 0.995286 -0.096193 -1.6706 -0.969432 0.0355152 0.242776 14.0837
0.242548 0.0932785 0.965645 20.961 0.0100846 0.995071 -0.098654 -1.6783 -0.970087 0.0336664 0.240411 14.106
0.240367 0.0953968 0.965983 21.0433 0.00830629 0.99492 -0.100321 -1.68547 -0.970646 0.0321377 0.238354 14.1283
0.238646 0.0954688 0.966402 21.1268 0.00891412 0.994899 -0.100485 -1.69335 -0.971066 0.032595 0.236578 14.1493
0.236642 0.0948363 0.966958 21.2121 0.00881097 0.994974 -0.0997404 -1.70109 -0.971557 0.0321226 0.234617 14.1713
0.235848 0.0903408 0.967582 21.2951 0.00968732 0.995402 -0.0952996 -1.70789 -0.971742 0.0318495 0.233889 14.1906
0.23449 0.0882041 0.968109 21.3852 0.0129301 0.995504 -0.0938319 -1.71677 -0.972032 0.0345204 0.232295 14.2114
0.232127 0.0896315 0.968547 21.4674 0.0098085 0.995479 -0.0944746 -1.7258 -0.972636 0.0314301 0.230198 14.2338
0.230865 0.0963208 0.968206 21.551 0.0106389 0.994779 -0.101501 -1.73267 -0.972928 0.0337338 0.228635 14.2521
0.228794 0.0981704 0.968512 21.6329 0.0110877 0.994575 -0.103431 -1.74135 -0.973412 0.034403 0.226464 14.2713
0.226136 0.0995408 0.968997 21.7313 0.00970057 0.994486 -0.104423 -1.75244 -0.974048 0.0330136 0.223923 14.2946
0.222947 0.0952516 0.970166 21.8158 0.0089893 0.994972 -0.0997528 -1.76053 -0.974789 0.0309607 0.220969 14.3151
0.219779 0.0897848 0.971409 21.9003 0.00957076 0.995509 -0.0941777 -1.76841 -0.975503 0.0299954 0.217932 14.3344
0.216003 0.0861368 0.972586 21.9849 0.00992822 0.995856 -0.0904026 -1.77612 -0.976342 0.0291833 0.214253 14.3529
0.212428 0.0855277 0.973427 22.0829 0.00959609 0.995932 -0.0895992 -1.7862 -0.97713 0.0283744 0.210743 14.3739
0.208001 0.0871202 0.974241 22.1669 0.00935849 0.995803 -0.0910463 -1.79332 -0.978084 0.0280552 0.206313 14.3928
0.20414 0.0877038 0.975005 22.2526 0.00973914 0.995747 -0.0916088 -1.80038 -0.978893 0.0281967 0.202417 14.4109
0.199701 0.0872475 0.975965 22.3368 0.00927185 0.995815 -0.0909193 -1.80773 -0.979813 0.0272057 0.198057 14.4293
0.195207 0.0862873 0.976959 22.4251 0.0102144 0.995889 -0.0900003 -1.81538 -0.980709 0.0275478 0.193524 14.4468
0.191153 0.0857744 0.977805 22.5087 0.00967298 0.995962 -0.0892581 -1.82262 -0.981513 0.0265202 0.189551 14.4638
0.186987 0.0864038 0.978555 22.5931 0.00833262 0.995949 -0.0895319 -1.83043 -0.982327 0.0248952 0.185509 14.4802
0.181938 0.0873082 0.979426 22.6728 0.00612338 0.99593 -0.0899168 -1.83718 -0.983291 0.0223567 0.180663 14.4962
0.177482 0.0866793 0.980299 22.7581 0.00361463 0.996049 -0.0887264 -1.8451 -0.984117 0.0192907 0.176468 14.5123
0.173611 0.0877228 0.9809 22.8406 -0.000605256 0.996034 -0.0889692 -1.85272 -0.984814 0.0148523 0.172976 14.5275
0.169964 0.0918839 0.981157 22.9253 -0.00486955 0.99571 -0.0924032 -1.86092 -0.985438 0.0109274 0.169682 14.5437
0.166797 0.0972254 0.981186 23.0085 -0.00781702 0.995226 -0.0972877 -1.86812 -0.98596 0.00855738 0.166761 14.5583
0.162289 0.100031 0.98166 23.0926 -0.00959058 0.994961 -0.0998013 -1.87501 -0.986697 0.00678197 0.162431 14.5742
0.159628 0.0973994 0.982361 23.1801 -0.0110383 0.995235 -0.0968822 -1.88325 -0.987116 0.00462147 0.159942 14.5892
0.155553 0.0948955 0.983259 23.2647 -0.0105877 0.995478 -0.0943998 -1.89063 -0.987771 0.00427376 0.155854 14.6039
0.153195 0.0917783 0.983925 23.3533 -0.010475 0.995773 -0.0912525 -1.89862 -0.98814 0.00367284 0.153509 14.6178
0.149461 0.0905701 0.984611 23.4383 -0.00891998 0.995879 -0.0902526 -1.90667 -0.988727 0.00470651 0.149653 14.631
0.146362 0.0909896 0.985038 23.5268 -0.00932477 0.995844 -0.0906022 -1.91354 -0.989187 0.00407547 0.146602 14.6453
0.141601 0.0934529 0.985503 23.613 -0.0106245 0.99562 -0.0928857 -1.92087 -0.989867 0.00268228 0.141974 14.6589
0.136041 0.0968647 0.985956 23.6989 -0.0104228 0.995294 -0.0963439 -1.92737 -0.990648 0.00283022 0.13641 14.6724
0.131421 0.0914906 0.987096 23.787 -0.000461611 0.995738 -0.0922301 -1.93484 -0.991327 0.0116653 0.130903 14.6836
0.125984 0.0866625 0.98824 23.8712 -0.00123374 0.99619 -0.0872024 -1.94189 -0.992032 0.00976687 0.125611 14.6962
0.121372 0.0877928 0.988717 23.9611 0.000361538 0.996077 -0.0884907 -1.95044 -0.992607 0.0110977 0.120864 14.7067
0.117535 0.100143 0.988007 24.0473 0.00167111 0.994881 -0.101038 -1.95767 -0.993067 0.0135266 0.116766 14.7168
0.112711 0.111969 0.987299 24.1325 0.00351515 0.993579 -0.113083 -1.96567 -0.993622 0.0162162 0.111594 14.7265
0.106254 0.116163 0.98753 24.2163 0.00179559 0.993129 -0.117015 -1.97473 -0.994337 0.0142065 0.105316 14.7368
0.100792 0.111365 0.988655 24.3015 -0.00176408 0.993734 -0.111758 -1.98389 -0.994906 0.00952022 0.100357 14.7462
0.0966527 0.104712 0.989795 24.3869 -0.0034062 0.99448 -0.104875 -1.99285 -0.995312 0.00676503 0.0964758 14.7538
0.0913995 0.100142 0.990766 24.47 -0.00421382 0.994961 -0.100177 -2.00119 -0.995805 0.00498121 0.0913608 14.7617
0.0851607 0.100565 0.991279 24.5524 -0.00727434 0.99493 -0.100311 -2.00873 -0.996341 0.00133164 0.0854604 14.7689
0.0779649 0.0982671 0.992101 24.6355 -0.0115931 0.995152 -0.0976583 -2.01755 -0.996889 -0.00388758 0.0787262 14.7761
0.0703877 0.0936109 0.993118 24.7183 -0.0155653 0.995569 -0.0927387 -2.02581 -0.997398 -0.00893055 0.0715329 14.7842
0.0636846 0.0905297 0.993855 24.8008 -0.0166533 0.995835 -0.0896429 -2.03326 -0.997831 -0.0108421 0.064927 14.7894
0.0566764 0.0918653 0.994157 24.8848 -0.0134412 0.995738 -0.0912451 -2.04091 -0.998302 -0.00819121 0.0576696 14.7945
0.0505635 0.0956644 0.994129 24.9659 -0.0118922 0.995389 -0.0951808 -2.04771 -0.99865 -0.0070097 0.0514681 14.7985
0.0439602 0.0977915 0.994236 25.0475 -0.00905328 0.995196 -0.0974857 -2.05453 -0.998992 -0.0047156 0.0446344 14.8032
0.0377091 0.095988 0.994668 25.1305 -0.00924453 0.995367 -0.0957049 -2.06189 -0.999246 -0.00558629 0.0384217 14.8063
0.0311608 0.0936276 0.99512 25.2141 -0.0101199 0.995582 -0.0933542 -2.06922 -0.999463 -0.00716149 0.0319706 14.8099
0.0253455 0.0923114 0.995408 25.2961 -0.00680845 0.99572 -0.092167 -2.07627 -0.999656 -0.00444116 0.0258655 14.8123
0.0201603 0.0948641 0.995286 25.378 -0.00587588 0.995482 -0.0947638 -2.08294 -0.99978 -0.00393772 0.0206266 14.8146
0.0152634 0.09887 0.994983 25.4605 -0.00569974 0.995092 -0.0987933 -2.08993 -0.999867 -0.00416322 0.015752 14.817
0.0121156 0.0999923 0.994914 25.5425 -0.00334548 0.994986 -0.0999587 -2.09771 -0.999921 -0.0021174 0.0123894 14.8175
0.00967751 0.0986337 0.995077 25.625 0.00236335 0.995118 -0.0986608 -2.10557 -0.99995 0.00330651 0.00939716 14.8172
0.00804261 0.096199 0.99533 25.7081 0.00457679 0.995348 -0.0962377 -2.11332 -0.999957 0.00532942 0.00756492 14.8175
0.00613637 0.0945659 0.9955 25.7895 0.00658185 0.995493 -0.0946058 -2.12076 -0.99996 0.00713277 0.0054863 14.8182
0.00476262 0.0937254 0.995587 25.8699 0.00831817 0.99556 -0.0937626 -2.12723 -0.999954 0.00872801 0.00396185 14.8181
0.00411088 0.0949554 0.995473 25.9504 0.0112653 0.995414 -0.0949963 -2.13467 -0.999928 0.0116048 0.00302232 14.8182
0.00339997 0.0966145 0.995316 26.0324 0.0129429 0.995234 -0.0966507 -2.14203 -0.99991 0.0132109 0.00213329 14.8194
0.00420403 0.0979943 0.995178 26.1145 0.0161331 0.995051 -0.09805 -2.14961 -0.999861 0.0164675 0.00260227 14.8189
0.00656235 0.098338 0.995131 26.194 0.018953 0.994962 -0.0984462 -2.15743 -0.999799 0.0195067 0.00466549 14.8177
0.0080928 0.0989154 0.995063 26.2724 0.020608 0.994868 -0.0990636 -2.16477 -0.999755 0.021308 0.00601281 14.8176
0.00995528 0.099132 0.995025 26.3502 0.0219949 0.994811 -0.0993308 -2.17201 -0.999709 0.0228743 0.00772323 14.8183
0.0121561 0.0979855 0.995114 26.4249 0.023017 0.994896 -0.0982452 -2.17925 -0.999661 0.0240988 0.00983871 14.8195
0.0149126 0.0963892 0.995232 26.5019 0.0235012 0.995034 -0.0967221 -2.186 -0.999613 0.0248315 0.0125733 14.8209
0.018187 0.0933052 0.995471 26.5742 0.0233678 0.995324 -0.0937183 -2.19265 -0.999561 0.0249665 0.0159216 14.8222
0.0215989 0.0908723 0.995628 26.6486 0.0220445 0.995575 -0.0913457 -2.19917 -0.999524 0.0239211 0.0195001 14.8241
0.0250548 0.0879383 0.995811 26.7222 0.0211321 0.995854 -0.0884738 -2.20731 -0.999463 0.0232603 0.0230926 14.8269
0.0289099 0.0877182 0.995726 26.7908 0.0163805 0.995967 -0.088215 -2.21407 -0.999448 0.0188608 0.0273564 14.8287
0.0323816 0.0896843 0.995444 26.8573 0.0133183 0.995839 -0.0901532 -2.2194 -0.999387 0.0161769 0.0310524 14.833
0.0355988 0.0895023 0.99535 26.9358 0.0125707 0.995863 -0.089998 -2.22602 -0.999287 0.0157161 0.0343264 14.8371
0.0395233 0.087125 0.995413 27.0042 0.0120063 0.996078 -0.0876599 -2.23197 -0.999147 0.0154159 0.0383223 14.8395
0.0431245 0.0839058 0.99554 27.0738 0.0102774 0.996377 -0.0844215 -2.23784 -0.999017 0.0138722 0.0421059 14.8431
0.0466959 0.0824769 0.995498 27.1408 0.00723173 0.996531 -0.0829017 -2.2441 -0.998883 0.0110704 0.0459375 14.847
0.0509536 0.0829729 0.995248 27.2068 0.00885715 0.996466 -0.0835278 -2.2498 -0.998662 0.0130711 0.0500387 14.8503
0.0551239 0.0843496 0.99491 27.2716 0.00893199 0.996344 -0.084966 -2.25489 -0.99844 0.0135702 0.054169 14.8545
0.0589765 0.0863213 0.99452 27.3334 0.00872503 0.996172 -0.086982 -2.2603 -0.998221 0.0138071 0.0579975 14.8575
0.0622469 0.0890518 0.99408 27.3945 0.00771855 0.995939 -0.0897016 -2.26578 -0.998031 0.0132565 0.0613068 14.8618
0.0653985 0.0895268 0.993835 27.4523 0.00457327 0.99593 -0.0900164 -2.2712 -0.997849 0.010432 0.0647229 14.866
0.0685737 0.0906822 0.993516 27.511 0.00180719 0.995847 -0.0910197 -2.276 -0.997644 0.00803703 0.0681251 14.8707
0.0722003 0.0905856 0.993268 27.5663 0.000126278 0.995866 -0.0908317 -2.28065 -0.99739 0.0066835 0.0718904 14.876
0.0753195 0.090289 0.993063 27.6233 -0.000691681 0.995897 -0.0904942 -2.28591 -0.997159 0.00612909 0.0750729 14.8812
0.078554 0.0913378 0.992717 27.6789 -0.00178002 0.995805 -0.0914811 -2.29094 -0.996908 0.00541915 0.0783871 14.8863
0.0819447 0.0942952 0.992166 27.732 -0.00405351 0.995537 -0.0942809 -2.2955 -0.996629 0.00370407 0.0819613 14.8904
0.0824697 0.0934462 0.992203 27.7848 -0.00556554 0.995622 -0.0933056 -2.30102 -0.996578 0.00217275 0.0826288 14.8967
0.0860934 0.0933733 0.991902 27.8379 -0.00648312 0.99563 -0.0931615 -2.30595 -0.996266 0.00158997 0.0863225 14.9015
0.0889461 0.0931166 0.991674 27.8871 -0.00876684 0.995655 -0.0927041 -2.31089 -0.995998 -0.000448186 0.089376 14.9058
0.0917341 0.0939193 0.991345 27.9378 -0.00834219 0.99558 -0.0935486 -2.3152 -0.995749 0.000311618 0.0921121 14.9109
0.0946027 0.0949756 0.990974 27.9841 -0.0098777 0.995479 -0.0944644 -2.31985 -0.995466 -0.000851958 0.0951132 14.917
0.0972133 0.0962259 0.990601 28.0328 -0.0108511 0.995358 -0.0956232 -2.32443 -0.995204 -0.00145327 0.0978062 14.9223
0.0997855 0.0975063 0.99022 28.0795 -0.00967837 0.995235 -0.0970248 -2.32892 -0.994962 9.79493e-05 0.100254 14.9265
0.102343 0.0988668 0.989824 28.1258 -0.010546 0.995101 -0.0983034 -2.3333 -0.994693 -0.000378066 0.102884 14.931
0.103507 0.10008 0.989581 28.1715 -0.0116568 0.994979 -0.0994062 -2.33751 -0.99456 -0.00124604 0.104154 14.9369
0.105241 0.101558 0.989247 28.2173 -0.0119674 0.994829 -0.100858 -2.34171 -0.994375 -0.00122428 0.105913 14.9421
0.105812 0.103269 0.989009 28.262 -0.0130947 0.994651 -0.102457 -2.34543 -0.9943 -0.00210957 0.106598 14.9479
0.106107 0.103986 0.988903 28.3076 -0.012399 0.994578 -0.103253 -2.35003 -0.994277 -0.00130561 0.106821 14.9529
0.105098 0.104208 0.988987 28.3519 -0.0125325 0.994554 -0.103463 -2.35451 -0.994383 -0.00152071 0.105832 14.9586
0.104298 0.103802 0.989114 28.3988 -0.014372 0.994592 -0.102861 -2.35887 -0.994442 -0.00348734 0.105225 14.9631
0.102921 0.102639 0.98938 28.4454 -0.014681 0.99471 -0.101665 -2.36307 -0.994581 -0.00406162 0.103884 14.9682
0.100924 0.10326 0.989521 28.4914 -0.0133535 0.99465 -0.102433 -2.36769 -0.994805 -0.00287559 0.101763 14.9734
0.099055 0.106338 0.989384 28.5387 -0.0105762 0.99433 -0.105811 -2.37234 -0.995026 1.71438e-05 0.099618 14.9779
0.0977589 0.110013 0.989111 28.5876 -0.0050622 0.993913 -0.110047 -2.37752 -0.995197 0.005751 0.0977208 14.9817
0.0955237 0.11481 0.988784 28.6355 -0.00248093 0.993351 -0.115101 -2.38234 -0.995424 0.00854173 0.0951733 14.9855
0.0926942 0.1178 0.988702 28.6848 -0.00364957 0.99301 -0.117971 -2.38677 -0.995688 0.0073269 0.0924762 14.9908
0.090605 0.118269 0.988839 28.7366 -0.0033365 0.992954 -0.118455 -2.39146 -0.995881 0.00743337 0.0903611 14.9954
0.0895303 0.115796 0.98923 28.7891 0.00082978 0.993209 -0.116337 -2.39641 -0.995984 0.0112366 0.0888262 14.9988
0.0886876 0.110438 0.989918 28.8434 0.0102053 0.993681 -0.111772 -2.40283 -0.996007 0.0200153 0.0870001 15.0027
0.0865848 0.10972 0.990184 28.8987 0.0118417 0.993733 -0.111148 -2.40809 -0.996174 0.0213492 0.0847429 15.0071
0.0834786 0.113289 0.990049 28.9545 0.00695755 0.993426 -0.114262 -2.41374 -0.996485 0.0164268 0.0821417 15.0123
0.0813572 0.115019 0.990026 29.0104 0.00422642 0.99327 -0.115743 -2.41916 -0.996676 0.0136008 0.0803236 15.0182
0.0807871 0.113403 0.990259 29.0699 0.00972858 0.99337 -0.114553 -2.4252 -0.996684 0.0188882 0.0791482 15.0214
0.0800788 0.111855 0.990493 29.1286 0.0144714 0.993449 -0.113359 -2.43038 -0.996683 0.0234114 0.0779355 15.0245
0.0782287 0.112085 0.990615 29.1905 0.0154885 0.993403 -0.113624 -2.43638 -0.996815 0.0242317 0.0759766 15.0303
0.0753566 0.113861 0.990635 29.2524 0.0110887 0.993302 -0.115011 -2.44281 -0.997095 0.0196517 0.0735893 15.0361
0.0737968 0.115489 0.990564 29.3119 0.0103787 0.993129 -0.116562 -2.44956 -0.997219 0.0188827 0.0720911 15.0409
0.0720026 0.119454 0.990225 29.3745 0.00858094 0.992691 -0.120376 -2.45456 -0.997368 0.0171644 0.0704513 15.046
0.0702001 0.121545 0.9901 29.4385 0.0098432 0.992416 -0.122527 -2.46125 -0.997484 0.0183472 0.0684713 15.0502
0.068477 0.120409 0.99036 29.5024 0.00669193 0.992612 -0.121146 -2.46852 -0.99763 0.0149231 0.0671653 15.0558
0.0662174 0.120228 0.990535 29.5695 0.00206688 0.992696 -0.120628 -2.47618 -0.997803 0.010035 0.0654852 15.0614
0.0648193 0.120767 0.990562 29.6364 0.00165478 0.992635 -0.121128 -2.48431 -0.997896 0.00949062 0.0641421 15.0652
0.0638452 0.125456 0.990043 29.7022 0.00626804 0.991997 -0.126108 -2.4918 -0.99794 0.014257 0.0625479 15.0679
0.0623349 0.130922 0.989431 29.7683 0.00770998 0.991266 -0.131651 -2.49989 -0.998026 0.0158349 0.0607811 15.0718
0.0612767 0.135014 0.988947 29.8374 0.00778326 0.990714 -0.135737 -2.50716 -0.99809 0.0160148 0.0596569 15.0761
0.0612174 0.132565 0.989282 29.9067 0.0120574 0.99097 -0.133537 -2.51535 -0.998052 0.020103 0.0590663 15.0792
0.0604659 0.126621 0.990107 29.9782 0.0170138 0.991647 -0.127857 -2.52428 -0.998025 0.0245765 0.0578065 15.0828
0.0593292 0.124218 0.99048 30.0469 0.0190124 0.991907 -0.125536 -2.53262 -0.998057 0.0262793 0.0564874 15.0873
0.0587052 0.124253 0.990512 30.1192 0.0221434 0.991817 -0.125729 -2.54162 -0.99803 0.0293142 0.0554735 15.0911
0.0580692 0.125775 0.990358 30.1927 0.0236092 0.991581 -0.127315 -2.54967 -0.998033 0.0307746 0.0546109 15.0949
0.0574712 0.127164 0.990215 30.2615 0.0250323 0.991359 -0.128763 -2.55661 -0.998033 0.0321876 0.0537914 15.0971
0.0587541 0.125787 0.990316 30.3367 0.0267403 0.991475 -0.12752 -2.56484 -0.997914 0.0339737 0.0548897 15.0998
0.0593686 0.124137 0.990488 30.4083 0.0271091 0.991671 -0.12591 -2.57311 -0.997868 0.0343263 0.0555089 15.1052
0.0602251 0.123432 0.990524 30.4839 0.0275041 0.991743 -0.125257 -2.58113 -0.997806 0.0347871 0.0563329 15.1102
0.060932 0.122636 0.990579 30.5612 0.0287679 0.991795 -0.124556 -2.58972 -0.997727 0.0360864 0.0569041 15.1146
0.0631759 0.120957 0.990645 30.6388 0.0286074 0.992001 -0.122947 -2.59781 -0.997592 0.0361071 0.0592103 15.1186
0.0643607 0.119443 0.990753 30.7131 0.0303035 0.992119 -0.121577 -2.60569 -0.997467 0.037848 0.0602339 15.1233
0.0657662 0.117472 0.990896 30.7957 0.0319046 0.992291 -0.119755 -2.61494 -0.997325 0.03949 0.0615113 15.1279
0.0681069 0.116848 0.990812 30.874 0.0313408 0.992377 -0.119187 -2.6243 -0.997186 0.0391703 0.0639256 15.1322
0.0700417 0.117549 0.990594 30.9531 0.0320134 0.992256 -0.12001 -2.6325 -0.99703 0.040118 0.0657361 15.1386
0.0742023 0.116598 0.990403 31.0316 0.0357469 0.992192 -0.119487 -2.64006 -0.996602 0.0442701 0.0694549 15.1422
0.0767505 0.115592 0.990327 31.1116 0.037264 0.99223 -0.118702 -2.6485 -0.996354 0.0460139 0.0718468 15.1475
0.0797167 0.114478 0.990222 31.1924 0.0385774 0.992285 -0.117822 -2.65738 -0.996071 0.0475926 0.0746854 15.1518
0.0826213 0.114898 0.989935 31.272 0.0384481 0.992225 -0.118373 -2.66686 -0.995839 0.0478412 0.0775613 15.1593
0.085648 0.115854 0.989567 31.3576 0.0392478 0.992053 -0.119542 -2.6752 -0.995552 0.0490769 0.0804203 15.167
0.0884048 0.116812 0.989212 31.4403 0.038709 0.991947 -0.120594 -2.68461 -0.995332 0.0489525 0.0831712 15.1746
0.0909259 0.117336 0.988921 31.5243 0.0376573 0.991919 -0.121154 -2.6947 -0.995145 0.0482562 0.0857726 15.1822
0.0935063 0.118032 0.988597 31.6038 0.0351584 0.991937 -0.121757 -2.70376 -0.994998 0.0461425 0.0886026 15.1894
0.0953122 0.11869 0.988346 31.6884 0.0323243 0.991974 -0.122243 -2.71372 -0.994922 0.0435989 0.0907107 15.1987
0.097027 0.117087 0.988371 31.7718 0.0323843 0.992159 -0.120715 -2.72292 -0.994755 0.0437203 0.0924744 15.2069
0.0987805 0.114062 0.988551 31.8569 0.0331363 0.992481 -0.117827 -2.73222 -0.994557 0.044396 0.0942582 15.216
0.100015 0.11125 0.988747 31.9415 0.033149 0.992805 -0.11506 -2.74169 -0.994434 0.0442837 0.0956075 15.2245
0.101194 0.111181 0.988635 32.0209 0.034215 0.992759 -0.115147 -2.74934 -0.994278 0.0454783 0.0966573 15.2316
0.101902 0.113356 0.988315 32.104 0.0362003 0.992406 -0.117558 -2.75793 -0.994136 0.0477566 0.0970242 15.2411
0.102713 0.112743 0.988301 32.1859 0.0364976 0.99246 -0.117011 -2.76584 -0.994041 0.0480892 0.0978234 15.2483
0.103075 0.110607 0.988505 32.2708 0.0355045 0.992756 -0.114785 -2.77485 -0.99404 0.0469277 0.098401 15.2574
0.102414 0.109462 0.988701 32.3284 0.0310167 0.993092 -0.113161 -2.78285 -0.994258 0.0422555 0.0983116 15.2654
0.102655 0.110651 0.988544 32.4133 0.0296618 0.993011 -0.114231 -2.79185 -0.994275 0.0410483 0.0986553 15.2754
0.103165 0.110717 0.988483 32.5118 0.0312679 0.992934 -0.114479 -2.80336 -0.994173 0.042718 0.0989742 15.2818
0.103089 0.111852 0.988363 32.5972 0.028967 0.992898 -0.115386 -2.81219 -0.99425 0.040525 0.0991173 15.2911
0.103044 0.112226 0.988325 32.6673 0.0278684 0.992899 -0.115651 -2.81898 -0.994286 0.0394602 0.0991848 15.2977
0.103678 0.112368 0.988243 32.7452 0.0293225 0.99282 -0.115965 -2.82812 -0.994179 0.0410007 0.0996385 15.3052
0.104333 0.11205 0.98821 32.8198 0.0296836 0.99284 -0.115709 -2.83595 -0.994099 0.0414059 0.10026 15.3128
0.104273 0.110374 0.988405 32.8997 0.0301092 0.993017 -0.114066 -2.84538 -0.994093 0.0416541 0.100221 15.3207
0.10466 0.110769 0.98832 32.9751 0.0291793 0.993008 -0.114385 -2.85432 -0.99408 0.0408099 0.100696 15.3289
0.104897 0.112416 0.988109 33.0563 0.030213 0.992772 -0.116153 -2.86335 -0.994024 0.0420379 0.100742 15.3363
0.105554 0.11431 0.987822 33.1359 0.0325427 0.992442 -0.118322 -2.87224 -0.993881 0.0446358 0.101036 15.3455
0.106526 0.110199 0.988184 33.2157 0.0349632 0.99281 -0.114484 -2.88116 -0.993695 0.0467456 0.101908 15.3541
0.108276 0.106673 0.988381 33.2732 0.0352067 0.993191 -0.111049 -2.88911 -0.993497 0.0468215 0.103783 15.3599
0.109843 0.10871 0.987986 33.3532 0.0398635 0.992719 -0.113663 -2.89732 -0.993149 0.0518696 0.104709 15.3696
0.113152 0.1144 0.98697 33.4309 0.0451579 0.991731 -0.120129 -2.90465 -0.992551 0.0581624 0.10705 15.377
0.115952 0.117428 0.986289 33.5087 0.0474921 0.991196 -0.123595 -2.91317 -0.992119 0.0611721 0.109354 15.3859
0.119638 0.116902 0.985911 33.5887 0.05029 0.991055 -0.123614 -2.92264 -0.991543 0.0643704 0.112689 15.3944
0.122624 0.116326 0.985612 33.6672 0.0507597 0.991072 -0.123286 -2.93213 -0.991154 0.0651472 0.115624 15.4041
0.12582 0.11863 0.984935 33.7344 0.052231 0.990655 -0.125991 -2.94046 -0.990677 0.0672963 0.118448 15.4128
0.129968 0.11819 0.984449 33.8126 0.0512412 0.990743 -0.12571 -2.95081 -0.990193 0.0667826 0.122709 15.4199
0.133074 0.115117 0.984398 33.8915 0.0508378 0.991131 -0.122777 -2.95991 -0.989801 0.066383 0.126041 15.4325
0.137721 0.110603 0.984276 33.9718 0.0487423 0.991785 -0.118266 -2.96977 -0.989271 0.0642636 0.131198 15.443
0.141963 0.109586 0.983787 34.0517 0.0475319 0.991952 -0.117354 -2.97855 -0.98873 0.0634213 0.135612 15.4548
0.147781 0.109227 0.98297 34.169 0.0447785 0.992125 -0.116976 -2.99106 -0.988006 0.0613028 0.141726 15.4684
0.152944 0.108138 0.9823 34.2489 0.0436289 0.992287 -0.116031 -3.00067 -0.987271 0.0606029 0.147047 15.4819
0.159441 0.107741 0.981311 34.3274 0.0426735 0.992345 -0.115886 -3.00929 -0.986285 0.0603528 0.153622 15.4934
0.166105 0.109124 0.980051 34.4094 0.0404418 0.992268 -0.117339 -3.01806 -0.985278 0.0591257 0.160408 15.5091
0.174222 0.110214 0.978519 34.4865 0.0379136 0.992229 -0.118508 -3.0273 -0.983976 0.0577459 0.16869 15.5231
0.183304 0.111201 0.976747 34.5641 0.036072 0.992152 -0.119724 -3.03615 -0.982394 0.0571791 0.177854 15.5381
0.192347 0.111596 0.974961 34.6418 0.03417 0.992149 -0.120304 -3.04502 -0.980732 0.0564546 0.187024 15.5543
0.201751 0.111333 0.973089 34.7187 0.0327841 0.992194 -0.120316 -3.05471 -0.978888 0.0561757 0.196526 15.5709
0.210848 0.111003 0.971196 34.7995 0.0310542 0.99227 -0.120154 -3.0637 -0.977025 0.0554938 0.205771 15.5888
0.219542 0.111047 0.969263 34.8759 0.0283553 0.992355 -0.120115 -3.07274 -0.975191 0.053854 0.214714 15.6071
0.22785 0.110375 0.96742 34.9543 0.0276695 0.992419 -0.119744 -3.08153 -0.973303 0.0540518 0.223069 15.6254
0.234642 0.110381 0.965795 35.029 0.0253086 0.992502 -0.119582 -3.09125 -0.971752 0.0525019 0.230089 15.6438
0.240557 0.110157 0.964364 35.1045 0.0241426 0.992553 -0.1194 -3.10058 -0.970335 0.0520046 0.236106 15.6632
0.245462 0.1111 0.963019 35.1808 0.0225624 0.992487 -0.12025 -3.10917 -0.969144 0.0512448 0.241111 15.6835
0.250081 0.110894 0.961853 35.2579 0.0216698 0.99253 -0.120065 -3.11777 -0.967982 0.0508691 0.24581 15.7039
0.255432 0.110704 0.960468 35.357 0.020636 0.992572 -0.119892 -3.12971 -0.966607 0.0504446 0.25125 15.7267
0.259469 0.110358 0.959425 35.4281 0.0208095 0.99258 -0.119799 -3.13829 -0.965527 0.0510494 0.255247 15.747
0.263571 0.111102 0.95822 35.5279 0.0198369 0.992511 -0.120535 -3.14956 -0.964436 0.0507775 0.259393 15.7725
0.268052 0.110624 0.957032 35.6049 0.0194443 0.992562 -0.120177 -3.15908 -0.963208 0.0508224 0.263907 15.7943
0.272064 0.109685 0.956007 35.6843 0.0188126 0.992686 -0.119247 -3.16773 -0.962095 0.0504279 0.268011 15.8184
0.276336 0.108034 0.95497 35.7633 0.0177448 0.992919 -0.117462 -3.17718 -0.960897 0.0494046 0.272462 15.8423
0.28116 0.105566 0.953837 35.8417 0.0181164 0.99317 -0.115259 -3.18648 -0.95949 0.0496863 0.277327 15.8652
0.285733 0.10346 0.952708 35.9199 0.0179926 0.993401 -0.113276 -3.19531 -0.95814 0.0495083 0.281986 15.888
0.289726 0.10176 0.951685 35.9974 0.0167699 0.99364 -0.111351 -3.20451 -0.956963 0.048221 0.286177 15.9124
0.294056 0.102199 0.950309 36.0753 0.0159265 0.993605 -0.111783 -3.21303 -0.955656 0.0480055 0.290547 15.9365
0.298506 0.105151 0.948598 36.1563 0.0145164 0.993297 -0.114674 -3.22231 -0.954297 0.0480011 0.294979 15.9649
0.303523 0.108554 0.94662 36.259 0.0116921 0.99299 -0.117621 -3.23449 -0.952752 0.0467686 0.300126 15.9925
0.307759 0.108877 0.945215 36.3373 0.0101613 0.992998 -0.11769 -3.24312 -0.95141 0.0458246 0.304497 16.0181
0.310817 0.105231 0.944627 36.4143 0.00818807 0.993519 -0.113372 -3.2532 -0.950435 0.0429726 0.307941 16.0449
0.312963 0.10259 0.944209 36.4915 0.00494942 0.993959 -0.109636 -3.26191 -0.949753 0.0389852 0.310564 16.0712
0.314236 0.104073 0.943623 36.5667 0.000646603 0.993949 -0.109839 -3.27114 -0.949345 0.0351255 0.312268 16.0972
0.314978 0.109378 0.942775 36.6421 -0.00235548 0.993424 -0.114467 -3.27954 -0.949096 0.0338339 0.313165 16.1232
0.316107 0.11331 0.941933 36.719 -0.00334625 0.992969 -0.118327 -3.28899 -0.948718 0.034252 0.314264 16.1477
0.316345 0.114207 0.941744 36.7899 -0.00581688 0.992942 -0.118462 -3.2967 -0.948626 0.0319969 0.314777 16.1738
0.316409 0.110204 0.9422 36.867 -0.00801485 0.993504 -0.113514 -3.30615 -0.948589 0.0283651 0.315237 16.1996
0.317422 0.106898 0.94224 36.9833 -0.011149 0.993978 -0.109012 -3.31999 -0.948219 0.0240977 0.316702 16.235
0.317279 0.10519 0.94248 37.0564 -0.0125013 0.994207 -0.106755 -3.32796 -0.94825 0.0220891 0.316756 16.2614
0.316798 0.104585 0.942709 37.1295 -0.0120033 0.994265 -0.106271 -3.3352 -0.948417 0.0223508 0.316237 16.2866
0.316361 0.105322 0.942774 37.202 -0.0116049 0.994173 -0.10717 -3.34362 -0.948568 0.0229635 0.315739 16.3117
0.31598 0.106329 0.942789 37.2765 -0.0117717 0.994063 -0.108167 -3.35114 -0.948693 0.0230803 0.315356 16.3373
0.315753 0.102588 0.943279 37.3512 -0.00618694 0.994339 -0.10607 -3.35853 -0.948821 0.027656 0.314601 16.3619
0.315423 0.100832 0.943579 37.4231 -0.00452925 0.994487 -0.104758 -3.36582 -0.94894 0.0287693 0.314141 16.3875
0.314638 0.102979 0.943609 37.495 -0.00464587 0.994253 -0.106956 -3.37408 -0.949201 0.0292686 0.313308 16.4132
0.315078 0.107752 0.942929 37.5708 -0.00247841 0.993624 -0.112717 -3.38137 -0.949062 0.0331778 0.313337 16.4362
0.315432 0.111507 0.942374 37.645 -0.00120343 0.993118 -0.117108 -3.39039 -0.948947 0.0358057 0.313395 16.4606
0.31421 0.110799 0.942866 37.7195 -0.00267876 0.993266 -0.115829 -3.39815 -0.94935 0.0338688 0.312391 16.4869
0.314122 0.10757 0.943269 37.7929 -0.00230309 0.993644 -0.112547 -3.40609 -0.94938 0.0331812 0.312373 16.5096
0.314152 0.107009 0.943323 37.8668 -0.00273724 0.993725 -0.111815 -3.4148 -0.949369 0.0325448 0.312473 16.5347
0.313805 0.10849 0.943269 37.9422 -0.00272928 0.99355 -0.113365 -3.42304 -0.949483 0.0330002 0.312077 16.5605
0.31374 0.111805 0.942903 38.0153 -0.00167736 0.993107 -0.1172 -3.4307 -0.949507 0.0351887 0.311765 16.5863
0.314143 0.112675 0.942666 38.0919 -0.000464944 0.99295 -0.11853 -3.43909 -0.949376 0.0367972 0.311981 16.6115
0.314078 0.111314 0.942849 38.1692 -0.000398339 0.993118 -0.117116 -3.44757 -0.949397 0.0364078 0.31196 16.638
0.314481 0.107961 0.943104 38.2474 0.00106389 0.993471 -0.114081 -3.4574 -0.949263 0.0368798 0.312313 16.6634
0.314917 0.106979 0.943071 38.3256 0.00419668 0.993461 -0.114096 -3.46668 -0.94911 0.0398886 0.312408 16.6899
0.315925 0.107314 0.942696 38.4047 0.00841712 0.993227 -0.115887 -3.47444 -0.948747 0.0445464 0.312882 16.7161
0.316972 0.106334 0.942455 38.4847 0.0128215 0.993124 -0.116363 -3.48389 -0.948348 0.0489676 0.313429 16.7416
0.318018 0.105055 0.942246 38.5631 0.0145948 0.993182 -0.11566 -3.4919 -0.947972 0.050534 0.314317 16.7688
0.319875 0.103705 0.941767 38.6441 0.0204657 0.993003 -0.116298 -3.50101 -0.947239 0.0564747 0.315514 16.7948
0.321319 0.101959 0.941466 38.7233 0.0249208 0.992932 -0.116039 -3.50965 -0.946643 0.0607475 0.316507 16.8215
0.321515 0.100321 0.941575 38.8068 0.0218501 0.993321 -0.113295 -3.51765 -0.946652 0.0569997 0.317176 16.8497
0.321862 0.0941305 0.942096 38.8872 0.0205335 0.994117 -0.106343 -3.52827 -0.946564 0.0535724 0.318036 16.8778
0.322544 0.0902951 0.942238 38.9663 0.0207927 0.994524 -0.102423 -3.53649 -0.946326 0.0526277 0.3189 16.9056
0.322806 0.0911286 0.942068 39.0422 0.0210701 0.994415 -0.103412 -3.54525 -0.946231 0.0532315 0.319083 16.9305
0.323531 0.093328 0.941604 39.1214 0.0221542 0.994104 -0.106144 -3.55387 -0.945958 0.0552012 0.319556 16.9574
0.324321 0.0953878 0.941125 39.2001 0.0229377 0.993817 -0.108633 -3.5623 -0.945669 0.0568192 0.320128 16.9848
0.324923 0.0936148 0.941096 39.2754 0.0244951 0.993922 -0.107327 -3.57053 -0.945423 0.0579253 0.320655 17.0106
0.325517 0.0908702 0.94116 39.3537 0.02663 0.994095 -0.105192 -3.57882 -0.945161 0.0593048 0.321175 17.0371
0.325885 0.089885 0.941127 39.4314 0.0256079 0.994266 -0.103827 -3.58663 -0.945062 0.0579361 0.321715 17.0641
0.325696 0.0905172 0.941132 39.5082 0.0243305 0.994275 -0.104049 -3.5955 -0.945161 0.0567864 0.321629 17.0904
0.325242 0.0899104 0.941347 39.5836 0.0243306 0.994344 -0.103379 -3.60382 -0.945318 0.0565266 0.321215 17.1177
0.324699 0.0881388 0.941702 39.6579 0.0254952 0.994471 -0.101869 -3.61198 -0.945474 0.0570855 0.320657 17.144
0.324215 0.0854291 0.942118 39.7358 0.0267711 0.994686 -0.0994087 -3.61985 -0.945605 0.0574513 0.320205 17.1694
0.322781 0.0838671 0.942751 39.8067 0.0263495 0.994884 -0.0975265 -3.62703 -0.946107 0.0563207 0.31892 17.1959
0.321723 0.0833935 0.943154 39.8793 0.0272134 0.994888 -0.0972507 -3.63521 -0.946443 0.0569543 0.317809 17.2203
0.320824 0.0848912 0.943327 39.949 0.0290737 0.994623 -0.0993953 -3.64203 -0.946693 0.0593144 0.316631 17.2431
0.31935 0.0886657 0.94348 40.0162 0.0291804 0.994221 -0.103311 -3.64994 -0.947187 0.0605237 0.314917 17.2656
0.31792 0.0943719 0.943409 40.0849 0.0270308 0.993727 -0.108514 -3.65744 -0.947732 0.06 0.313374 17.2892
0.316685 0.0981361 0.94344 40.1538 0.0272372 0.993282 -0.112463 -3.66509 -0.94814 0.0613122 0.311885 17.3122
0.315659 0.0993072 0.943662 40.2255 0.0266651 0.993187 -0.113439 -3.67322 -0.948498 0.0609707 0.31086 17.3357
0.314148 0.0955627 0.944552 40.2941 0.0264705 0.993653 -0.109334 -3.68077 -0.949005 0.0593498 0.309624 17.3583
0.31279 0.0916789 0.945387 40.3634 0.0255974 0.994156 -0.104877 -3.68827 -0.949477 0.0570041 0.308615 17.3815
0.312462 0.088811 0.94577 40.4319 0.028166 0.994316 -0.102675 -3.69673 -0.949513 0.0587206 0.308184 17.4035
0.311804 0.0896353 0.945909 40.4988 0.029853 0.994124 -0.104045 -3.70342 -0.949677 0.0606798 0.307296 17.4248
0.311699 0.0914788 0.945767 40.5697 0.0297655 0.993926 -0.105947 -3.7107 -0.949715 0.0611747 0.307083 17.4485
0.311742 0.0926206 0.945642 40.637 0.0299772 0.993783 -0.107218 -3.71781 -0.949694 0.0617721 0.307028 17.4702
0.311839 0.0928258 0.94559 40.7072 0.0322013 0.993612 -0.108159 -3.72493 -0.949589 0.0641776 0.306858 17.493
0.312143 0.0935551 0.945417 40.7748 0.0329598 0.993474 -0.109193 -3.73237 -0.949463 0.0652445 0.307023 17.5149
0.311915 0.0943861 0.94541 40.8411 0.034379 0.99328 -0.110508 -3.73956 -0.949488 0.0669713 0.306574 17.5365
0.311928 0.0961439 0.945229 40.9076 0.0329053 0.993177 -0.11188 -3.74684 -0.949536 0.0660015 0.306636 17.5586
0.311886 0.0957343 0.945284 40.9736 0.0339475 0.993153 -0.111783 -3.75444 -0.949513 0.0669535 0.3065 17.5795
0.31204 0.0948361 0.945324 41.0401 0.0334329 0.993293 -0.110684 -3.76164 -0.94948 0.0661429 0.306777 17.6016
0.313063 0.0931262 0.945156 41.1079 0.0344118 0.993415 -0.109279 -3.76891 -0.949109 0.0667359 0.307797 17.6238
0.314452 0.0912388 0.944879 41.174 0.0347223 0.993599 -0.107499 -3.77611 -0.948638 0.0666115 0.309271 17.645
0.316215 0.089379 0.944468 41.2417 0.0352345 0.993759 -0.10584 -3.78283 -0.948033 0.0667462 0.311092 17.6672
0.317693 0.0879227 0.944108 41.3075 0.0350891 0.993919 -0.104369 -3.79043 -0.947544 0.0662852 0.312676 17.6894
0.319825 0.0882544 0.943357 41.3729 0.0340371 0.99394 -0.104526 -3.79805 -0.946865 0.0655393 0.314883 17.7114
0.321723 0.0901771 0.94253 41.4371 0.0318783 0.993858 -0.105969 -3.80458 -0.946297 0.064139 0.316872 17.7332
0.323812 0.0905313 0.94178 41.4992 0.0317679 0.99381 -0.106456 -3.8113 -0.945588 0.06439 0.318932 17.7545
0.325746 0.0899456 0.941169 41.5615 0.0311558 0.993903 -0.105769 -3.81847 -0.944944 0.0637766 0.320958 17.7761
0.327248 0.0887063 0.940766 41.6244 0.030193 0.994094 -0.104237 -3.82633 -0.944456 0.0625161 0.322637 17.7978
0.328312 0.0874814 0.940509 41.6859 0.0293356 0.994277 -0.102723 -3.83273 -0.944114 0.0613156 0.323867 17.8192
0.32923 0.0873269 0.940203 41.7452 0.0283344 0.994352 -0.102278 -3.83934 -0.943825 0.0603131 0.324896 17.8408
0.330556 0.0874794 0.939723 41.8033 0.0281932 0.994335 -0.102481 -3.8447 -0.943365 0.0603694 0.326218 17.8609
0.331598 0.0875506 0.93935 41.8605 0.0283757 0.994309 -0.10269 -3.85093 -0.942994 0.0607065 0.327227 17.8809
0.33271 0.0862564 0.939076 41.9155 0.0296707 0.994358 -0.101846 -3.85813 -0.942562 0.0617484 0.328274 17.9014
0.334022 0.085435 0.938685 41.9708 0.0311449 0.994339 -0.101583 -3.86407 -0.94205 0.0631663 0.329471 17.9205
0.334871 0.085878 0.938342 42.0237 0.0308466 0.994305 -0.102008 -3.86944 -0.941759 0.0631042 0.330315 17.94
0.336409 0.0864336 0.937741 42.0788 0.0299147 0.994296 -0.102378 -3.87561 -0.941241 0.0624932 0.331905 17.9588
0.338081 0.0870799 0.93708 42.1356 0.0287784 0.994288 -0.102779 -3.88189 -0.940677 0.0617151 0.333643 17.9785
0.338976 0.0871532 0.93675 42.1866 0.0284431 0.994295 -0.1028 -3.88747 -0.940365 0.0614906 0.334563 17.9973
0.340242 0.087937 0.936217 42.2396 0.0277781 0.994243 -0.103482 -3.89124 -0.939928 0.0612154 0.33584 18.0149
0.339955 0.0872293 0.936388 42.285 0.0267575 0.994389 -0.102347 -3.89741 -0.940061 0.0598486 0.335713 18.0344
0.34047 0.0864204 0.936275 42.3336 0.0255423 0.99455 -0.101088 -3.90292 -0.939908 0.0583319 0.336407 18.0524
0.341302 0.0853466 0.936071 42.3823 0.0252064 0.99468 -0.0998808 -3.90835 -0.939616 0.0576845 0.337335 18.0706
0.342107 0.0846517 0.93584 42.4292 0.0263549 0.994678 -0.0996082 -3.91326 -0.939291 0.0587406 0.338056 18.0878
0.343171 0.0859345 0.935334 42.4759 0.0267317 0.994509 -0.101179 -3.91759 -0.938893 0.0597247 0.338989 18.1038
0.343887 0.0888845 0.934795 42.5197 0.0254418 0.994262 -0.103898 -3.92259 -0.938666 0.059512 0.339652 18.1191
0.344363 0.0917438 0.934343 42.5621 0.0241813 0.994017 -0.106515 -3.92809 -0.938525 0.0592736 0.340084 18.136
0.345265 0.0935703 0.933829 42.6052 0.0237533 0.993827 -0.108365 -3.93275 -0.938205 0.059596 0.340911 18.1523
0.346862 0.0939746 0.933196 42.6486 0.0259293 0.993627 -0.109698 -3.937 -0.937558 0.0622471 0.342215 18.167
0.347629 0.0936687 0.932942 42.6888 0.0270376 0.993582 -0.109832 -3.94136 -0.937242 0.0634051 0.342865 18.1815
0.346739 0.0924027 0.933399 42.7276 0.0267816 0.993755 -0.108327 -3.94603 -0.937579 0.0625589 0.342099 18.1964
0.345887 0.0913633 0.933818 42.7666 0.0253924 0.993972 -0.106654 -3.95058 -0.937933 0.0606021 0.341482 18.2102
0.344885 0.0903617 0.934285 42.8066 0.025115 0.994111 -0.105419 -3.95563 -0.938309 0.059822 0.340585 18.2251
0.343539 0.0897563 0.934839 42.8424 0.0252254 0.994181 -0.104724 -3.95944 -0.9388 0.0595584 0.339276 18.2385
0.342402 0.089252 0.935305 42.8771 0.0257685 0.994211 -0.104307 -3.96329 -0.9392 0.0598162 0.33812 18.2509
0.34118 0.0889393 0.935781 42.9109 0.025023 0.994302 -0.103624 -3.96744 -0.939665 0.0587706 0.33701 18.2639
0.340267 0.0881477 0.936188 42.9441 0.0253128 0.994377 -0.102827 -3.9708 -0.939988 0.0586861 0.336122 18.2757
0.339862 0.0871001 0.936433 42.9768 0.0264573 0.994423 -0.102096 -3.97436 -0.940103 0.059474 0.335662 18.2866
0.339057 0.0863799 0.936792 43.0079 0.0270358 0.99447 -0.101483 -3.97806 -0.940377 0.0597356 0.334847 18.2976
0.337891 0.0862695 0.937223 43.0379 0.0263272 0.994534 -0.101036 -3.9812 -0.940817 0.0588137 0.333773 18.3087
0.336737 0.086407 0.937626 43.0657 0.0248111 0.994621 -0.10057 -3.98431 -0.941272 0.0571291 0.332782 18.3188
0.335618 0.0866027 0.938009 43.0936 0.023611 0.994679 -0.100283 -3.9874 -0.941702 0.055804 0.331787 18.3294
0.334616 0.0868073 0.938348 43.1211 0.0240983 0.994634 -0.100608 -3.98995 -0.942047 0.0562776 0.330728 18.3388
0.333639 0.0870016 0.938678 43.147 0.0252188 0.994552 -0.101144 -3.99303 -0.942363 0.0574179 0.329628 18.3482
0.333425 0.0880806 0.938653 43.1741 0.0259179 0.994393 -0.102518 -3.99582 -0.94242 0.0585099 0.329273 18.357
0.333044 0.0884571 0.938753 43.1998 0.0262088 0.994337 -0.102993 -3.99859 -0.942547 0.0589048 0.32884 18.366
0.332655 0.0879246 0.938941 43.2257 0.0258411 0.99442 -0.102275 -4.00143 -0.942694 0.0582855 0.328527 18.3757
0.333139 0.0876446 0.938796 43.2508 0.0248963 0.994506 -0.10168 -4.00407 -0.942549 0.0572462 0.329126 18.3847
0.333967 0.0876531 0.9385 43.2752 0.0237896 0.994566 -0.101355 -4.00674 -0.942284 0.0561758 0.330067 18.3938
0.335211 0.0877792 0.938045 43.3003 0.0225975 0.994615 -0.101148 -4.00911 -0.941872 0.0551034 0.331422 18.4032
0.336701 0.0879079 0.937499 43.3243 0.0211456 0.994676 -0.100864 -4.01208 -0.941374 0.0537848 0.333049 18.4128
0.339395 0.0879936 0.936519 43.3492 0.0206853 0.994676 -0.100954 -4.01451 -0.940416 0.0536355 0.335768 18.4221
0.345022 0.0881875 0.934442 43.3743 0.0210562 0.994598 -0.101639 -4.01632 -0.938358 0.0547437 0.341302 18.4285
0.350226 0.0876183 0.932558 43.3997 0.0211618 0.994621 -0.101397 -4.01943 -0.936426 0.0552464 0.346488 18.439
0.357099 0.0886083 0.929854 43.4256 0.0200919 0.994531 -0.102488 -4.02187 -0.93385 0.0552808 0.353366 18.4513
0.36637 0.0895696 0.926148 43.451 0.0183176 0.994469 -0.103423 -4.02439 -0.930289 0.054856 0.362703 18.4621
0.376585 0.090818 0.92192 43.477 0.0166709 0.994357 -0.104763 -4.0271 -0.926232 0.0548215 0.372946 18.4735
0.388345 0.0907438 0.917035 43.5033 0.0166472 0.994287 -0.105438 -4.03007 -0.921364 0.0562123 0.384615 18.4854
0.402649 0.091128 0.910807 43.5298 0.01452 0.994271 -0.105898 -4.03287 -0.915239 0.0558646 0.399019 18.4981
0.418399 0.0926632 0.903524 43.5564 0.0113562 0.994171 -0.107218 -4.03563 -0.908192 0.0551207 0.414908 18.5119
0.435258 0.0945711 0.895325 43.5834 0.00704681 0.994079 -0.108428 -4.03863 -0.900278 0.0535033 0.432014 18.5275
0.453914 0.0965631 0.885798 43.6102 0.00517367 0.993808 -0.110989 -4.04158 -0.89103 0.0549622 0.450604 18.5428
0.473115 0.0984958 0.875478 43.6364 0.00317961 0.993533 -0.113496 -4.0451 -0.880995 0.0564803 0.469742 18.5573
0.492408 0.0992574 0.864686 43.6623 0.0018053 0.993357 -0.115056 -4.04906 -0.870363 0.0582153 0.488958 18.5735
0.511631 0.10228 0.853096 43.6877 -0.00451454 0.993196 -0.11637 -4.05213 -0.859194 0.055687 0.508611 18.5895
0.525225 0.10687 0.844226 43.7117 -0.0102942 0.992808 -0.119275 -4.0552 -0.850901 0.0539553 0.522547 18.6056
0.530604 0.111763 0.840219 43.7351 -0.0171358 0.992481 -0.121195 -4.0585 -0.847447 0.0499085 0.528529 18.6223
0.52978 0.113637 0.840488 43.7579 -0.0194858 0.992353 -0.121887 -4.06147 -0.847911 0.0481956 0.527943 18.6374
0.52541 0.11466 0.843088 43.7799 -0.0206942 0.992307 -0.122057 -4.06475 -0.850598 0.0466829 0.523741 18.6507
0.515255 0.115387 0.849234 43.8015 -0.0199704 0.992243 -0.122701 -4.06732 -0.856804 0.0462627 0.513562 18.6639
0.502112 0.114678 0.857165 43.8223 -0.0164346 0.992255 -0.123124 -4.0702 -0.864646 0.0477349 0.500108 18.6752
0.487514 0.11395 0.865647 43.843 -0.0120026 0.992228 -0.123853 -4.07296 -0.873033 0.04999 0.485093 18.6853
0.470108 0.112262 0.87544 43.864 -0.00636735 0.992284 -0.123826 -4.07567 -0.882586 0.0526374 0.467196 18.6946
0.449833 0.11207 0.886054 43.8849 -0.00300644 0.99228 -0.123979 -4.07825 -0.893108 0.0531059 0.446697 18.7028
0.428129 0.11199 0.896752 43.9064 -0.00112638 0.992357 -0.123392 -4.08155 -0.903717 0.0518178 0.424983 18.7134
0.407012 0.112058 0.906523 43.9286 -2.84091e-05 0.992448 -0.122666 -4.08407 -0.913423 0.0499008 0.403941 18.7223
0.387021 0.111232 0.915337 43.9518 0.00257222 0.992563 -0.121704 -4.08677 -0.922067 0.0494563 0.383856 18.7305
0.368648 0.109913 0.923048 43.9736 0.00734616 0.99261 -0.121129 -4.08985 -0.92954 0.051435 0.365116 18.7371
0.352334 0.108814 0.929527 43.9978 0.013414 0.992528 -0.121274 -4.09246 -0.935778 0.0551974 0.348241 18.7443
0.33737 0.107828 0.935176 44.0213 0.0170975 0.992553 -0.120611 -4.09559 -0.941217 0.0566798 0.333014 18.7508
0.323413 0.107696 0.940109 44.0454 0.0175495 0.992649 -0.119752 -4.09871 -0.946095 0.0552277 0.319145 18.7594
0.313952 0.106137 0.943488 44.0679 0.0187933 0.992843 -0.117943 -4.10099 -0.949253 0.0547595 0.30971 18.765
0.304368 0.103429 0.946923 44.0913 0.0206009 0.99314 -0.115099 -4.10345 -0.952332 0.05454 0.300149 18.7732
0.297777 0.102096 0.94916 44.1139 0.0225715 0.993234 -0.113918 -4.10584 -0.954368 0.0553462 0.293458 18.7793
0.296445 0.101899 0.949598 44.1348 0.0232213 0.993229 -0.11383 -4.10869 -0.954768 0.0557953 0.292072 18.784
0.298521 0.102608 0.948871 44.1557 0.0233797 0.993119 -0.114748 -4.11073 -0.954117 0.056439 0.294068 18.7926
0.305441 0.101394 0.946797 44.1759 0.0244872 0.993149 -0.114258 -4.11327 -0.951896 0.0580834 0.300866 18.7982
0.315198 0.0999167 0.943751 44.196 0.0262176 0.993146 -0.113903 -4.11523 -0.948664 0.0606448 0.310418 18.8056
0.327557 0.0992064 0.939609 44.2144 0.0237178 0.993296 -0.113143 -4.1178 -0.944534 0.0593463 0.323008 18.812
0.34085 0.100859 0.934692 44.2311 0.0175665 0.993372 -0.113596 -4.12054 -0.939954 0.0551385 0.336819 18.8198
0.354211 0.103355 0.929437 44.2471 0.0119585 0.993292 -0.115013 -4.12267 -0.935089 0.0518535 0.350599 18.8284
0.368571 0.103597 0.923809 44.2628 0.00780036 0.993391 -0.114512 -4.12496 -0.929567 0.0494118 0.365327 18.8358
0.383237 0.101856 0.918017 44.2777 0.00517761 0.993649 -0.112409 -4.12662 -0.923636 0.0478324 0.380275 18.8434
0.397337 0.0998734 0.912222 44.292 0.00633876 0.993738 -0.111559 -4.12825 -0.917651 0.0501089 0.394216 18.8506
0.413049 0.0985412 0.905362 44.3053 0.0155911 0.993218 -0.115217 -4.12953 -0.910576 0.0617057 0.408711 18.8565
0.429313 0.101392 0.897446 44.317 0.0193715 0.992416 -0.121389 -4.13079 -0.902948 0.0694986 0.424093 18.8622
0.444167 0.103505 0.889945 44.3284 0.0162273 0.992212 -0.123499 -4.13273 -0.895797 0.0692954 0.439028 18.8687
0.457501 0.105533 0.882925 44.339 0.00726779 0.992455 -0.122391 -4.13434 -0.88918 0.0624109 0.453282 18.8772
0.471252 0.10568 0.875645 44.3483 0.000310815 0.992776 -0.119983 -4.13588 -0.881999 0.0568145 0.467815 18.8838
0.484108 0.105177 0.868664 44.358 -0.00227428 0.992897 -0.118952 -4.13673 -0.875005 0.0556098 0.480909 18.8907
0.496362 0.104206 0.861839 44.3667 -0.00339675 0.992995 -0.118108 -4.13787 -0.868109 0.0556967 0.493239 18.8964
0.50799 0.103611 0.855109 44.3743 -0.00456607 0.993049 -0.117612 -4.13918 -0.861351 0.0558414 0.504932 18.9011
0.519009 0.103303 0.848503 44.3825 -0.00549864 0.993053 -0.117538 -4.14007 -0.854751 0.0563377 0.515972 18.9076
0.5292 0.102232 0.842316 44.3901 -0.00537848 0.993099 -0.117154 -4.14045 -0.84848 0.0574674 0.526098 18.9138
0.538893 0.100114 0.836404 44.3975 -0.00532482 0.993298 -0.115463 -4.14123 -0.842357 0.0577686 0.535814 18.9189
0.545447 0.100496 0.832098 44.4043 -0.0078862 0.993357 -0.114803 -4.14245 -0.838108 0.0560567 0.542616 18.9255
0.552601 0.104819 0.826828 44.4092 -0.0150422 0.993153 -0.115851 -4.14377 -0.83331 0.0515819 0.550394 18.9307
0.561111 0.111525 0.820193 44.413 -0.0251042 0.992719 -0.11781 -4.14538 -0.82736 0.0455141 0.559825 18.9357
0.566484 0.116531 0.815792 44.4169 -0.0319676 0.992314 -0.119548 -4.14643 -0.823452 0.0416434 0.565855 18.9407
0.57136 0.11563 0.812513 44.421 -0.0318202 0.992402 -0.118854 -4.14697 -0.820082 0.0420544 0.570698 18.944
0.578068 0.1106 0.808459 44.4259 -0.0274846 0.992849 -0.116173 -4.1471 -0.815526 0.0449355 0.576974 18.9469
0.583406 0.105603 0.805286 44.4307 -0.0228661 0.993254 -0.113686 -4.1472 -0.811859 0.0479115 0.581885 18.95
0.587313 0.103787 0.802678 44.4345 -0.0224299 0.99345 -0.112042 -4.14767 -0.809049 0.0477996 0.585794 18.9531
0.591767 0.105336 0.799197 44.438 -0.0270407 0.993462 -0.110918 -4.14871 -0.805655 0.0440269 0.590746 18.9574
0.595878 0.108379 0.795728 44.4404 -0.0321417 0.993276 -0.111216 -4.14913 -0.802431 0.0406953 0.595355 18.9609
0.598881 0.110944 0.793116 44.4427 -0.0359909 0.993085 -0.11174 -4.14965 -0.800029 0.0383742 0.598733 18.9637
