-12.635660171508789 -7.535001754760742 -13.115235328674316
-12.633954048156738 -7.47766637802124 -12.780942916870117
-12.28670597076416 -7.316988468170166 -12.631038665771484
-12.452308654785156 -7.720754146575928 -12.71235466003418
-12.45194149017334 -7.719968318939209 -12.966362953186035
-12.461411476135254 -7.711443901062012 -13.15733814239502
-12.304289817810059 -7.716940402984619 -13.195116996765137
-12.311139106750488 -7.644040107727051 -13.321205139160156
-12.17933177947998 -7.653806209564209 -13.369242668151855
-12.505729675292969 -8.097921371459961 -13.767616271972656
-12.645488739013672 -8.292803764343262 -14.120386123657227
-12.928775787353516 -8.755053520202637 -14.560283660888672
-13.37423038482666 -9.155211448669434 -15.091022491455078
-14.385824203491211 -10.305874824523926 -16.337915420532227
-13.79771614074707 -9.87049674987793 -15.206777572631836
-15.0081148147583 -8.384146690368652 -16.120019912719727
-14.999775886535645 -7.400171279907227 -16.02179527282715
-12.78738784790039 -8.756484031677246 -13.970869064331055
-12.770394325256348 -8.306788444519043 -13.97397518157959
-12.551958084106445 -7.973251819610596 -13.677058219909668
-12.195301055908203 -7.641205310821533 -13.330180168151855
-11.994973182678223 -7.43794584274292 -13.091629028320312
-11.495526313781738 -7.999900817871094 -12.452330589294434
-11.19369125366211 -7.8414082527160645 -12.148503303527832
-11.17084789276123 -7.695307731628418 -12.008604049682617
-11.283731460571289 -7.861085891723633 -11.741127014160156
-11.59528636932373 -7.104403972625732 -12.502873420715332
-11.46174144744873 -7.203108310699463 -12.590357780456543
-11.90550708770752 -7.369025707244873 -12.599990844726562
-12.152666091918945 -7.302984714508057 -12.07995319366455
-12.437542915344238 -7.451393127441406 -12.008462905883789
-12.745562553405762 -7.659718036651611 -12.042315483093262
-12.88735294342041 -7.697105407714844 -12.259784698486328
-12.962565422058105 -7.781480312347412 -12.762799263000488
-13.108724594116211 -7.829266548156738 -12.915207862854004
-13.017472267150879 -7.8423237800598145 -12.831076622009277
-12.817252159118652 -7.644729137420654 -12.897645950317383
-12.549691200256348 -7.527267932891846 -12.638507843017578
